chr 1	0.0	100000.0	-0.0
chr 1	100000.0	200000.0	-0.0
chr 1	200000.0	300000.0	-0.0
chr 1	300000.0	400000.0	-0.0
chr 1	400000.0	500000.0	-0.0
chr 1	500000.0	600000.0	-0.0
chr 1	600000.0	700000.0	-0.0
chr 1	700000.0	800000.0	-0.0
chr 1	800000.0	900000.0	1.0
chr 1	900000.0	1000000.0	1.0
chr 1	1000000.0	1100000.0	1.0
chr 1	1100000.0	1200000.0	1.0
chr 1	1200000.0	1300000.0	1.0
chr 1	1300000.0	1400000.0	1.0
chr 1	1400000.0	1500000.0	1.0
chr 1	1500000.0	1600000.0	1.0
chr 1	1600000.0	1700000.0	-0.0
chr 1	1700000.0	1800000.0	1.0
chr 1	1800000.0	1900000.0	1.0
chr 1	1900000.0	2000000.0	1.0
chr 1	2000000.0	2100000.0	1.0
chr 1	2100000.0	2200000.0	1.0
chr 1	2200000.0	2300000.0	1.0
chr 1	2300000.0	2400000.0	1.0
chr 1	2400000.0	2500000.0	1.0
chr 1	2500000.0	2600000.0	1.0
chr 1	2600000.0	2700000.0	-0.0
chr 1	2700000.0	2800000.0	-1.0
chr 1	2800000.0	2900000.0	-1.0
chr 1	2900000.0	3000000.0	1.0
chr 1	3000000.0	3100000.0	1.0
chr 1	3100000.0	3200000.0	1.0
chr 1	3200000.0	3300000.0	1.0
chr 1	3300000.0	3400000.0	1.0
chr 1	3400000.0	3500000.0	1.0
chr 1	3500000.0	3600000.0	1.0
chr 1	3600000.0	3700000.0	1.0
chr 1	3700000.0	3800000.0	1.0
chr 1	3800000.0	3900000.0	-0.0
chr 1	3900000.0	4000000.0	-0.0
chr 1	4000000.0	4100000.0	-1.0
chr 1	4100000.0	4200000.0	-1.0
chr 1	4200000.0	4300000.0	-1.0
chr 1	4300000.0	4400000.0	-1.0
chr 1	4400000.0	4500000.0	-1.0
chr 1	4500000.0	4600000.0	-1.0
chr 1	4600000.0	4700000.0	-1.0
chr 1	4700000.0	4800000.0	-1.0
chr 1	4800000.0	4900000.0	-1.0
chr 1	4900000.0	5000000.0	-1.0
chr 1	5000000.0	5100000.0	-1.0
chr 1	5100000.0	5200000.0	-1.0
chr 1	5200000.0	5300000.0	-1.0
chr 1	5300000.0	5400000.0	-1.0
chr 1	5400000.0	5500000.0	-1.0
chr 1	5500000.0	5600000.0	-1.0
chr 1	5600000.0	5700000.0	-1.0
chr 1	5700000.0	5800000.0	-1.0
chr 1	5800000.0	5900000.0	-1.0
chr 1	5900000.0	6000000.0	1.0
chr 1	6000000.0	6100000.0	1.0
chr 1	6100000.0	6200000.0	1.0
chr 1	6200000.0	6300000.0	1.0
chr 1	6300000.0	6400000.0	1.0
chr 1	6400000.0	6500000.0	1.0
chr 1	6500000.0	6600000.0	1.0
chr 1	6600000.0	6700000.0	1.0
chr 1	6700000.0	6800000.0	1.0
chr 1	6800000.0	6900000.0	1.0
chr 1	6900000.0	7000000.0	1.0
chr 1	7000000.0	7100000.0	1.0
chr 1	7100000.0	7200000.0	1.0
chr 1	7200000.0	7300000.0	1.0
chr 1	7300000.0	7400000.0	1.0
chr 1	7400000.0	7500000.0	1.0
chr 1	7500000.0	7600000.0	1.0
chr 1	7600000.0	7700000.0	1.0
chr 1	7700000.0	7800000.0	1.0
chr 1	7800000.0	7900000.0	1.0
chr 1	7900000.0	8000000.0	1.0
chr 1	8000000.0	8100000.0	1.0
chr 1	8100000.0	8200000.0	1.0
chr 1	8200000.0	8300000.0	1.0
chr 1	8300000.0	8400000.0	1.0
chr 1	8400000.0	8500000.0	1.0
chr 1	8500000.0	8600000.0	1.0
chr 1	8600000.0	8700000.0	1.0
chr 1	8700000.0	8800000.0	1.0
chr 1	8800000.0	8900000.0	1.0
chr 1	8900000.0	9000000.0	1.0
chr 1	9000000.0	9100000.0	1.0
chr 1	9100000.0	9200000.0	1.0
chr 1	9200000.0	9300000.0	1.0
chr 1	9300000.0	9400000.0	-0.0
chr 1	9400000.0	9500000.0	1.0
chr 1	9500000.0	9600000.0	1.0
chr 1	9600000.0	9700000.0	1.0
chr 1	9700000.0	9800000.0	1.0
chr 1	9800000.0	9900000.0	1.0
chr 1	9900000.0	10000000.0	1.0
chr 1	10000000.0	10100000.0	1.0
chr 1	10100000.0	10200000.0	1.0
chr 1	10200000.0	10300000.0	1.0
chr 1	10300000.0	10400000.0	1.0
chr 1	10400000.0	10500000.0	1.0
chr 1	10500000.0	10600000.0	1.0
chr 1	10600000.0	10700000.0	1.0
chr 1	10700000.0	10800000.0	1.0
chr 1	10800000.0	10900000.0	1.0
chr 1	10900000.0	11000000.0	1.0
chr 1	11000000.0	11100000.0	1.0
chr 1	11100000.0	11200000.0	1.0
chr 1	11200000.0	11300000.0	1.0
chr 1	11300000.0	11400000.0	1.0
chr 1	11400000.0	11500000.0	1.0
chr 1	11500000.0	11600000.0	1.0
chr 1	11600000.0	11700000.0	1.0
chr 1	11700000.0	11800000.0	1.0
chr 1	11800000.0	11900000.0	1.0
chr 1	11900000.0	12000000.0	1.0
chr 1	12000000.0	12100000.0	1.0
chr 1	12100000.0	12200000.0	1.0
chr 1	12200000.0	12300000.0	1.0
chr 1	12300000.0	12400000.0	1.0
chr 1	12400000.0	12500000.0	1.0
chr 1	12500000.0	12600000.0	1.0
chr 1	12600000.0	12700000.0	-0.0
chr 1	12700000.0	12800000.0	-1.0
chr 1	12800000.0	12900000.0	-1.0
chr 1	12900000.0	13000000.0	-0.0
chr 1	13000000.0	13100000.0	-0.0
chr 1	13100000.0	13200000.0	-0.0
chr 1	13200000.0	13300000.0	-0.0
chr 1	13300000.0	13400000.0	-0.0
chr 1	13400000.0	13500000.0	-0.0
chr 1	13500000.0	13600000.0	-0.0
chr 1	13600000.0	13700000.0	-0.0
chr 1	13700000.0	13800000.0	-0.0
chr 1	13800000.0	13900000.0	-1.0
chr 1	13900000.0	14000000.0	-1.0
chr 1	14000000.0	14100000.0	1.0
chr 1	14100000.0	14200000.0	-1.0
chr 1	14200000.0	14300000.0	-1.0
chr 1	14300000.0	14400000.0	-1.0
chr 1	14400000.0	14500000.0	-1.0
chr 1	14500000.0	14600000.0	-1.0
chr 1	14600000.0	14700000.0	-1.0
chr 1	14700000.0	14800000.0	-1.0
chr 1	14800000.0	14900000.0	-1.0
chr 1	14900000.0	15000000.0	-1.0
chr 1	15000000.0	15100000.0	-1.0
chr 1	15100000.0	15200000.0	-1.0
chr 1	15200000.0	15300000.0	1.0
chr 1	15300000.0	15400000.0	1.0
chr 1	15400000.0	15500000.0	1.0
chr 1	15500000.0	15600000.0	-0.0
chr 1	15600000.0	15700000.0	-0.0
chr 1	15700000.0	15800000.0	-0.0
chr 1	15800000.0	15900000.0	1.0
chr 1	15900000.0	16000000.0	1.0
chr 1	16000000.0	16100000.0	1.0
chr 1	16100000.0	16200000.0	1.0
chr 1	16200000.0	16300000.0	1.0
chr 1	16300000.0	16400000.0	1.0
chr 1	16400000.0	16500000.0	1.0
chr 1	16500000.0	16600000.0	1.0
chr 1	16600000.0	16700000.0	1.0
chr 1	16700000.0	16800000.0	1.0
chr 1	16800000.0	16900000.0	-0.0
chr 1	16900000.0	17000000.0	1.0
chr 1	17000000.0	17100000.0	1.0
chr 1	17100000.0	17200000.0	-0.0
chr 1	17200000.0	17300000.0	1.0
chr 1	17300000.0	17400000.0	1.0
chr 1	17400000.0	17500000.0	1.0
chr 1	17500000.0	17600000.0	1.0
chr 1	17600000.0	17700000.0	1.0
chr 1	17700000.0	17800000.0	1.0
chr 1	17800000.0	17900000.0	1.0
chr 1	17900000.0	18000000.0	1.0
chr 1	18000000.0	18100000.0	-1.0
chr 1	18100000.0	18200000.0	-1.0
chr 1	18200000.0	18300000.0	-1.0
chr 1	18300000.0	18400000.0	-1.0
chr 1	18400000.0	18500000.0	-1.0
chr 1	18500000.0	18600000.0	-1.0
chr 1	18600000.0	18700000.0	-1.0
chr 1	18700000.0	18800000.0	-1.0
chr 1	18800000.0	18900000.0	-1.0
chr 1	18900000.0	19000000.0	1.0
chr 1	19000000.0	19100000.0	-1.0
chr 1	19100000.0	19200000.0	-0.0
chr 1	19200000.0	19300000.0	-0.0
chr 1	19300000.0	19400000.0	-0.0
chr 1	19400000.0	19500000.0	-0.0
chr 1	19500000.0	19600000.0	1.0
chr 1	19600000.0	19700000.0	-0.0
chr 1	19700000.0	19800000.0	-0.0
chr 1	19800000.0	19900000.0	1.0
chr 1	19900000.0	20000000.0	1.0
chr 1	20000000.0	20100000.0	-0.0
chr 1	20100000.0	20200000.0	1.0
chr 1	20200000.0	20300000.0	1.0
chr 1	20300000.0	20400000.0	1.0
chr 1	20400000.0	20500000.0	1.0
chr 1	20500000.0	20600000.0	1.0
chr 1	20600000.0	20700000.0	1.0
chr 1	20700000.0	20800000.0	1.0
chr 1	20800000.0	20900000.0	1.0
chr 1	20900000.0	21000000.0	1.0
chr 1	21000000.0	21100000.0	1.0
chr 1	21100000.0	21200000.0	1.0
chr 1	21200000.0	21300000.0	1.0
chr 1	21300000.0	21400000.0	1.0
chr 1	21400000.0	21500000.0	1.0
chr 1	21500000.0	21600000.0	1.0
chr 1	21600000.0	21700000.0	-0.0
chr 1	21700000.0	21800000.0	1.0
chr 1	21800000.0	21900000.0	1.0
chr 1	21900000.0	22000000.0	1.0
chr 1	22000000.0	22100000.0	1.0
chr 1	22100000.0	22200000.0	1.0
chr 1	22200000.0	22300000.0	1.0
chr 1	22300000.0	22400000.0	1.0
chr 1	22400000.0	22500000.0	-0.0
chr 1	22500000.0	22600000.0	1.0
chr 1	22600000.0	22700000.0	1.0
chr 1	22700000.0	22800000.0	1.0
chr 1	22800000.0	22900000.0	1.0
chr 1	22900000.0	23000000.0	-0.0
chr 1	23000000.0	23100000.0	-0.0
chr 1	23100000.0	23200000.0	-0.0
chr 1	23200000.0	23300000.0	-0.0
chr 1	23300000.0	23400000.0	1.0
chr 1	23400000.0	23500000.0	1.0
chr 1	23500000.0	23600000.0	1.0
chr 1	23600000.0	23700000.0	1.0
chr 1	23700000.0	23800000.0	-0.0
chr 1	23800000.0	23900000.0	1.0
chr 1	23900000.0	24000000.0	1.0
chr 1	24000000.0	24100000.0	1.0
chr 1	24100000.0	24200000.0	1.0
chr 1	24200000.0	24300000.0	1.0
chr 1	24300000.0	24400000.0	-0.0
chr 1	24400000.0	24500000.0	1.0
chr 1	24500000.0	24600000.0	1.0
chr 1	24600000.0	24700000.0	1.0
chr 1	24700000.0	24800000.0	1.0
chr 1	24800000.0	24900000.0	1.0
chr 1	24900000.0	25000000.0	1.0
chr 1	25000000.0	25100000.0	1.0
chr 1	25100000.0	25200000.0	1.0
chr 1	25200000.0	25300000.0	1.0
chr 1	25300000.0	25400000.0	1.0
chr 1	25400000.0	25500000.0	1.0
chr 1	25500000.0	25600000.0	1.0
chr 1	25600000.0	25700000.0	-0.0
chr 1	25700000.0	25800000.0	1.0
chr 1	25800000.0	25900000.0	1.0
chr 1	25900000.0	26000000.0	1.0
chr 1	26000000.0	26100000.0	1.0
chr 1	26100000.0	26200000.0	1.0
chr 1	26200000.0	26300000.0	1.0
chr 1	26300000.0	26400000.0	1.0
chr 1	26400000.0	26500000.0	1.0
chr 1	26500000.0	26600000.0	1.0
chr 1	26600000.0	26700000.0	1.0
chr 1	26700000.0	26800000.0	1.0
chr 1	26800000.0	26900000.0	1.0
chr 1	26900000.0	27000000.0	1.0
chr 1	27000000.0	27100000.0	1.0
chr 1	27100000.0	27200000.0	1.0
chr 1	27200000.0	27300000.0	1.0
chr 1	27300000.0	27400000.0	1.0
chr 1	27400000.0	27500000.0	1.0
chr 1	27500000.0	27600000.0	1.0
chr 1	27600000.0	27700000.0	1.0
chr 1	27700000.0	27800000.0	1.0
chr 1	27800000.0	27900000.0	1.0
chr 1	27900000.0	28000000.0	1.0
chr 1	28000000.0	28100000.0	1.0
chr 1	28100000.0	28200000.0	1.0
chr 1	28200000.0	28300000.0	1.0
chr 1	28300000.0	28400000.0	1.0
chr 1	28400000.0	28500000.0	1.0
chr 1	28500000.0	28600000.0	1.0
chr 1	28600000.0	28700000.0	1.0
chr 1	28700000.0	28800000.0	1.0
chr 1	28800000.0	28900000.0	1.0
chr 1	28900000.0	29000000.0	1.0
chr 1	29000000.0	29100000.0	1.0
chr 1	29100000.0	29200000.0	1.0
chr 1	29200000.0	29300000.0	1.0
chr 1	29300000.0	29400000.0	1.0
chr 1	29400000.0	29500000.0	1.0
chr 1	29500000.0	29600000.0	-0.0
chr 1	29600000.0	29700000.0	-0.0
chr 1	29700000.0	29800000.0	1.0
chr 1	29800000.0	29900000.0	-1.0
chr 1	29900000.0	30000000.0	-0.0
chr 1	30000000.0	30100000.0	1.0
chr 1	30100000.0	30200000.0	1.0
chr 1	30200000.0	30300000.0	1.0
chr 1	30300000.0	30400000.0	-1.0
chr 1	30400000.0	30500000.0	-1.0
chr 1	30500000.0	30600000.0	-1.0
chr 1	30600000.0	30700000.0	-1.0
chr 1	30700000.0	30800000.0	-1.0
chr 1	30800000.0	30900000.0	-1.0
chr 1	30900000.0	31000000.0	-1.0
chr 1	31000000.0	31100000.0	-1.0
chr 1	31100000.0	31200000.0	1.0
chr 1	31200000.0	31300000.0	-0.0
chr 1	31300000.0	31400000.0	-0.0
chr 1	31400000.0	31500000.0	1.0
chr 1	31500000.0	31600000.0	1.0
chr 1	31600000.0	31700000.0	1.0
chr 1	31700000.0	31800000.0	1.0
chr 1	31800000.0	31900000.0	1.0
chr 1	31900000.0	32000000.0	1.0
chr 1	32000000.0	32100000.0	-0.0
chr 1	32100000.0	32200000.0	-0.0
chr 1	32200000.0	32300000.0	-0.0
chr 1	32300000.0	32400000.0	1.0
chr 1	32400000.0	32500000.0	1.0
chr 1	32500000.0	32600000.0	1.0
chr 1	32600000.0	32700000.0	1.0
chr 1	32700000.0	32800000.0	1.0
chr 1	32800000.0	32900000.0	1.0
chr 1	32900000.0	33000000.0	1.0
chr 1	33000000.0	33100000.0	1.0
chr 1	33100000.0	33200000.0	1.0
chr 1	33200000.0	33300000.0	1.0
chr 1	33300000.0	33400000.0	1.0
chr 1	33400000.0	33500000.0	1.0
chr 1	33500000.0	33600000.0	1.0
chr 1	33600000.0	33700000.0	1.0
chr 1	33700000.0	33800000.0	-0.0
chr 1	33800000.0	33900000.0	1.0
chr 1	33900000.0	34000000.0	-0.0
chr 1	34000000.0	34100000.0	-1.0
chr 1	34100000.0	34200000.0	-1.0
chr 1	34200000.0	34300000.0	-1.0
chr 1	34300000.0	34400000.0	-1.0
chr 1	34400000.0	34500000.0	-1.0
chr 1	34500000.0	34600000.0	-1.0
chr 1	34600000.0	34700000.0	-1.0
chr 1	34700000.0	34800000.0	-1.0
chr 1	34800000.0	34900000.0	-1.0
chr 1	34900000.0	35000000.0	-1.0
chr 1	35000000.0	35100000.0	-1.0
chr 1	35100000.0	35200000.0	-1.0
chr 1	35200000.0	35300000.0	1.0
chr 1	35300000.0	35400000.0	1.0
chr 1	35400000.0	35500000.0	1.0
chr 1	35500000.0	35600000.0	1.0
chr 1	35600000.0	35700000.0	1.0
chr 1	35700000.0	35800000.0	1.0
chr 1	35800000.0	35900000.0	1.0
chr 1	35900000.0	36000000.0	1.0
chr 1	36000000.0	36100000.0	1.0
chr 1	36100000.0	36200000.0	1.0
chr 1	36200000.0	36300000.0	1.0
chr 1	36300000.0	36400000.0	1.0
chr 1	36400000.0	36500000.0	1.0
chr 1	36500000.0	36600000.0	1.0
chr 1	36600000.0	36700000.0	1.0
chr 1	36700000.0	36800000.0	1.0
chr 1	36800000.0	36900000.0	-0.0
chr 1	36900000.0	37000000.0	1.0
chr 1	37000000.0	37100000.0	1.0
chr 1	37100000.0	37200000.0	1.0
chr 1	37200000.0	37300000.0	1.0
chr 1	37300000.0	37400000.0	1.0
chr 1	37400000.0	37500000.0	-1.0
chr 1	37500000.0	37600000.0	1.0
chr 1	37600000.0	37700000.0	-1.0
chr 1	37700000.0	37800000.0	-1.0
chr 1	37800000.0	37900000.0	1.0
chr 1	37900000.0	38000000.0	1.0
chr 1	38000000.0	38100000.0	-0.0
chr 1	38100000.0	38200000.0	1.0
chr 1	38200000.0	38300000.0	1.0
chr 1	38300000.0	38400000.0	1.0
chr 1	38400000.0	38500000.0	1.0
chr 1	38500000.0	38600000.0	1.0
chr 1	38600000.0	38700000.0	-0.0
chr 1	38700000.0	38800000.0	1.0
chr 1	38800000.0	38900000.0	-1.0
chr 1	38900000.0	39000000.0	-1.0
chr 1	39000000.0	39100000.0	1.0
chr 1	39100000.0	39200000.0	1.0
chr 1	39200000.0	39300000.0	1.0
chr 1	39300000.0	39400000.0	1.0
chr 1	39400000.0	39500000.0	1.0
chr 1	39500000.0	39600000.0	1.0
chr 1	39600000.0	39700000.0	1.0
chr 1	39700000.0	39800000.0	1.0
chr 1	39800000.0	39900000.0	1.0
chr 1	39900000.0	40000000.0	1.0
chr 1	40000000.0	40100000.0	1.0
chr 1	40100000.0	40200000.0	1.0
chr 1	40200000.0	40300000.0	1.0
chr 1	40300000.0	40400000.0	1.0
chr 1	40400000.0	40500000.0	1.0
chr 1	40500000.0	40600000.0	1.0
chr 1	40600000.0	40700000.0	1.0
chr 1	40700000.0	40800000.0	1.0
chr 1	40800000.0	40900000.0	1.0
chr 1	40900000.0	41000000.0	1.0
chr 1	41000000.0	41100000.0	1.0
chr 1	41100000.0	41200000.0	1.0
chr 1	41200000.0	41300000.0	1.0
chr 1	41300000.0	41400000.0	-0.0
chr 1	41400000.0	41500000.0	1.0
chr 1	41500000.0	41600000.0	1.0
chr 1	41600000.0	41700000.0	1.0
chr 1	41700000.0	41800000.0	1.0
chr 1	41800000.0	41900000.0	1.0
chr 1	41900000.0	42000000.0	1.0
chr 1	42000000.0	42100000.0	-0.0
chr 1	42100000.0	42200000.0	-0.0
chr 1	42200000.0	42300000.0	-0.0
chr 1	42300000.0	42400000.0	1.0
chr 1	42400000.0	42500000.0	1.0
chr 1	42500000.0	42600000.0	1.0
chr 1	42600000.0	42700000.0	1.0
chr 1	42700000.0	42800000.0	1.0
chr 1	42800000.0	42900000.0	1.0
chr 1	42900000.0	43000000.0	1.0
chr 1	43000000.0	43100000.0	1.0
chr 1	43100000.0	43200000.0	1.0
chr 1	43200000.0	43300000.0	1.0
chr 1	43300000.0	43400000.0	1.0
chr 1	43400000.0	43500000.0	1.0
chr 1	43500000.0	43600000.0	1.0
chr 1	43600000.0	43700000.0	1.0
chr 1	43700000.0	43800000.0	-0.0
chr 1	43800000.0	43900000.0	-0.0
chr 1	43900000.0	44000000.0	-0.0
chr 1	44000000.0	44100000.0	-0.0
chr 1	44100000.0	44200000.0	1.0
chr 1	44200000.0	44300000.0	1.0
chr 1	44300000.0	44400000.0	-0.0
chr 1	44400000.0	44500000.0	-0.0
chr 1	44500000.0	44600000.0	1.0
chr 1	44600000.0	44700000.0	1.0
chr 1	44700000.0	44800000.0	-0.0
chr 1	44800000.0	44900000.0	1.0
chr 1	44900000.0	45000000.0	1.0
chr 1	45000000.0	45100000.0	1.0
chr 1	45100000.0	45200000.0	1.0
chr 1	45200000.0	45300000.0	1.0
chr 1	45300000.0	45400000.0	1.0
chr 1	45400000.0	45500000.0	1.0
chr 1	45500000.0	45600000.0	1.0
chr 1	45600000.0	45700000.0	1.0
chr 1	45700000.0	45800000.0	1.0
chr 1	45800000.0	45900000.0	1.0
chr 1	45900000.0	46000000.0	1.0
chr 1	46000000.0	46100000.0	1.0
chr 1	46100000.0	46200000.0	1.0
chr 1	46200000.0	46300000.0	1.0
chr 1	46300000.0	46400000.0	1.0
chr 1	46400000.0	46500000.0	1.0
chr 1	46500000.0	46600000.0	1.0
chr 1	46600000.0	46700000.0	1.0
chr 1	46700000.0	46800000.0	1.0
chr 1	46800000.0	46900000.0	1.0
chr 1	46900000.0	47000000.0	-0.0
chr 1	47000000.0	47100000.0	-0.0
chr 1	47100000.0	47200000.0	1.0
chr 1	47200000.0	47300000.0	-1.0
chr 1	47300000.0	47400000.0	-0.0
chr 1	47400000.0	47500000.0	-1.0
chr 1	47500000.0	47600000.0	-0.0
chr 1	47600000.0	47700000.0	1.0
chr 1	47700000.0	47800000.0	1.0
chr 1	47800000.0	47900000.0	1.0
chr 1	47900000.0	48000000.0	-0.0
chr 1	48000000.0	48100000.0	1.0
chr 1	48100000.0	48200000.0	1.0
chr 1	48200000.0	48300000.0	-0.0
chr 1	48300000.0	48400000.0	-0.0
chr 1	48400000.0	48500000.0	-1.0
chr 1	48500000.0	48600000.0	-1.0
chr 1	48600000.0	48700000.0	-1.0
chr 1	48700000.0	48800000.0	-1.0
chr 1	48800000.0	48900000.0	-1.0
chr 1	48900000.0	49000000.0	-1.0
chr 1	49000000.0	49100000.0	-1.0
chr 1	49100000.0	49200000.0	-1.0
chr 1	49200000.0	49300000.0	-1.0
chr 1	49300000.0	49400000.0	-1.0
chr 1	49400000.0	49500000.0	-1.0
chr 1	49500000.0	49600000.0	-1.0
chr 1	49600000.0	49700000.0	-1.0
chr 1	49700000.0	49800000.0	-1.0
chr 1	49800000.0	49900000.0	-1.0
chr 1	49900000.0	50000000.0	-1.0
chr 1	50000000.0	50100000.0	-1.0
chr 1	50100000.0	50200000.0	-1.0
chr 1	50200000.0	50300000.0	-1.0
chr 1	50300000.0	50400000.0	-1.0
chr 1	50400000.0	50500000.0	-1.0
chr 1	50500000.0	50600000.0	-1.0
chr 1	50600000.0	50700000.0	-1.0
chr 1	50700000.0	50800000.0	-1.0
chr 1	50800000.0	50900000.0	-1.0
chr 1	50900000.0	51000000.0	1.0
chr 1	51000000.0	51100000.0	1.0
chr 1	51100000.0	51200000.0	1.0
chr 1	51200000.0	51300000.0	1.0
chr 1	51300000.0	51400000.0	1.0
chr 1	51400000.0	51500000.0	1.0
chr 1	51500000.0	51600000.0	1.0
chr 1	51600000.0	51700000.0	1.0
chr 1	51700000.0	51800000.0	1.0
chr 1	51800000.0	51900000.0	1.0
chr 1	51900000.0	52000000.0	1.0
chr 1	52000000.0	52100000.0	1.0
chr 1	52100000.0	52200000.0	1.0
chr 1	52200000.0	52300000.0	1.0
chr 1	52300000.0	52400000.0	1.0
chr 1	52400000.0	52500000.0	1.0
chr 1	52500000.0	52600000.0	1.0
chr 1	52600000.0	52700000.0	1.0
chr 1	52700000.0	52800000.0	1.0
chr 1	52800000.0	52900000.0	1.0
chr 1	52900000.0	53000000.0	1.0
chr 1	53000000.0	53100000.0	1.0
chr 1	53100000.0	53200000.0	1.0
chr 1	53200000.0	53300000.0	1.0
chr 1	53300000.0	53400000.0	1.0
chr 1	53400000.0	53500000.0	1.0
chr 1	53500000.0	53600000.0	1.0
chr 1	53600000.0	53700000.0	1.0
chr 1	53700000.0	53800000.0	-0.0
chr 1	53800000.0	53900000.0	1.0
chr 1	53900000.0	54000000.0	1.0
chr 1	54000000.0	54100000.0	1.0
chr 1	54100000.0	54200000.0	1.0
chr 1	54200000.0	54300000.0	1.0
chr 1	54300000.0	54400000.0	1.0
chr 1	54400000.0	54500000.0	1.0
chr 1	54500000.0	54600000.0	1.0
chr 1	54600000.0	54700000.0	-0.0
chr 1	54700000.0	54800000.0	-0.0
chr 1	54800000.0	54900000.0	1.0
chr 1	54900000.0	55000000.0	1.0
chr 1	55000000.0	55100000.0	1.0
chr 1	55100000.0	55200000.0	1.0
chr 1	55200000.0	55300000.0	1.0
chr 1	55300000.0	55400000.0	1.0
chr 1	55400000.0	55500000.0	1.0
chr 1	55500000.0	55600000.0	1.0
chr 1	55600000.0	55700000.0	1.0
chr 1	55700000.0	55800000.0	1.0
chr 1	55800000.0	55900000.0	-0.0
chr 1	55900000.0	56000000.0	-1.0
chr 1	56000000.0	56100000.0	-1.0
chr 1	56100000.0	56200000.0	-1.0
chr 1	56200000.0	56300000.0	-1.0
chr 1	56300000.0	56400000.0	-1.0
chr 1	56400000.0	56500000.0	-1.0
chr 1	56500000.0	56600000.0	1.0
chr 1	56600000.0	56700000.0	-1.0
chr 1	56700000.0	56800000.0	1.0
chr 1	56800000.0	56900000.0	1.0
chr 1	56900000.0	57000000.0	-0.0
chr 1	57000000.0	57100000.0	1.0
chr 1	57100000.0	57200000.0	-1.0
chr 1	57200000.0	57300000.0	-1.0
chr 1	57300000.0	57400000.0	-1.0
chr 1	57400000.0	57500000.0	-1.0
chr 1	57500000.0	57600000.0	-1.0
chr 1	57600000.0	57700000.0	-1.0
chr 1	57700000.0	57800000.0	-1.0
chr 1	57800000.0	57900000.0	-1.0
chr 1	57900000.0	58000000.0	-1.0
chr 1	58000000.0	58100000.0	-1.0
chr 1	58100000.0	58200000.0	-1.0
chr 1	58200000.0	58300000.0	-1.0
chr 1	58300000.0	58400000.0	-1.0
chr 1	58400000.0	58500000.0	-1.0
chr 1	58500000.0	58600000.0	-1.0
chr 1	58600000.0	58700000.0	-1.0
chr 1	58700000.0	58800000.0	-1.0
chr 1	58800000.0	58900000.0	-1.0
chr 1	58900000.0	59000000.0	-1.0
chr 1	59000000.0	59100000.0	1.0
chr 1	59100000.0	59200000.0	1.0
chr 1	59200000.0	59300000.0	-0.0
chr 1	59300000.0	59400000.0	-0.0
chr 1	59400000.0	59500000.0	1.0
chr 1	59500000.0	59600000.0	-0.0
chr 1	59600000.0	59700000.0	1.0
chr 1	59700000.0	59800000.0	1.0
chr 1	59800000.0	59900000.0	1.0
chr 1	59900000.0	60000000.0	1.0
chr 1	60000000.0	60100000.0	1.0
chr 1	60100000.0	60200000.0	1.0
chr 1	60200000.0	60300000.0	1.0
chr 1	60300000.0	60400000.0	-1.0
chr 1	60400000.0	60500000.0	-1.0
chr 1	60500000.0	60600000.0	-1.0
chr 1	60600000.0	60700000.0	-1.0
chr 1	60700000.0	60800000.0	1.0
chr 1	60800000.0	60900000.0	-1.0
chr 1	60900000.0	61000000.0	1.0
chr 1	61000000.0	61100000.0	1.0
chr 1	61100000.0	61200000.0	-1.0
chr 1	61200000.0	61300000.0	-1.0
chr 1	61300000.0	61400000.0	1.0
chr 1	61400000.0	61500000.0	-0.0
chr 1	61500000.0	61600000.0	1.0
chr 1	61600000.0	61700000.0	1.0
chr 1	61700000.0	61800000.0	1.0
chr 1	61800000.0	61900000.0	1.0
chr 1	61900000.0	62000000.0	1.0
chr 1	62000000.0	62100000.0	1.0
chr 1	62100000.0	62200000.0	1.0
chr 1	62200000.0	62300000.0	1.0
chr 1	62300000.0	62400000.0	1.0
chr 1	62400000.0	62500000.0	-1.0
chr 1	62500000.0	62600000.0	-1.0
chr 1	62600000.0	62700000.0	-1.0
chr 1	62700000.0	62800000.0	-1.0
chr 1	62800000.0	62900000.0	-1.0
chr 1	62900000.0	63000000.0	1.0
chr 1	63000000.0	63100000.0	1.0
chr 1	63100000.0	63200000.0	1.0
chr 1	63200000.0	63300000.0	1.0
chr 1	63300000.0	63400000.0	-1.0
chr 1	63400000.0	63500000.0	-1.0
chr 1	63500000.0	63600000.0	-1.0
chr 1	63600000.0	63700000.0	-1.0
chr 1	63700000.0	63800000.0	-1.0
chr 1	63800000.0	63900000.0	-1.0
chr 1	63900000.0	64000000.0	1.0
chr 1	64000000.0	64100000.0	1.0
chr 1	64100000.0	64200000.0	1.0
chr 1	64200000.0	64300000.0	1.0
chr 1	64300000.0	64400000.0	-1.0
chr 1	64400000.0	64500000.0	-1.0
chr 1	64500000.0	64600000.0	-1.0
chr 1	64600000.0	64700000.0	-1.0
chr 1	64700000.0	64800000.0	1.0
chr 1	64800000.0	64900000.0	1.0
chr 1	64900000.0	65000000.0	1.0
chr 1	65000000.0	65100000.0	1.0
chr 1	65100000.0	65200000.0	1.0
chr 1	65200000.0	65300000.0	1.0
chr 1	65300000.0	65400000.0	1.0
chr 1	65400000.0	65500000.0	1.0
chr 1	65500000.0	65600000.0	1.0
chr 1	65600000.0	65700000.0	1.0
chr 1	65700000.0	65800000.0	1.0
chr 1	65800000.0	65900000.0	1.0
chr 1	65900000.0	66000000.0	1.0
chr 1	66000000.0	66100000.0	1.0
chr 1	66100000.0	66200000.0	-1.0
chr 1	66200000.0	66300000.0	-1.0
chr 1	66300000.0	66400000.0	-1.0
chr 1	66400000.0	66500000.0	-1.0
chr 1	66500000.0	66600000.0	-1.0
chr 1	66600000.0	66700000.0	-1.0
chr 1	66700000.0	66800000.0	1.0
chr 1	66800000.0	66900000.0	1.0
chr 1	66900000.0	67000000.0	1.0
chr 1	67000000.0	67100000.0	1.0
chr 1	67100000.0	67200000.0	1.0
chr 1	67200000.0	67300000.0	1.0
chr 1	67300000.0	67400000.0	1.0
chr 1	67400000.0	67500000.0	1.0
chr 1	67500000.0	67600000.0	1.0
chr 1	67600000.0	67700000.0	1.0
chr 1	67700000.0	67800000.0	1.0
chr 1	67800000.0	67900000.0	1.0
chr 1	67900000.0	68000000.0	1.0
chr 1	68000000.0	68100000.0	1.0
chr 1	68100000.0	68200000.0	1.0
chr 1	68200000.0	68300000.0	1.0
chr 1	68300000.0	68400000.0	1.0
chr 1	68400000.0	68500000.0	1.0
chr 1	68500000.0	68600000.0	1.0
chr 1	68600000.0	68700000.0	1.0
chr 1	68700000.0	68800000.0	1.0
chr 1	68800000.0	68900000.0	1.0
chr 1	68900000.0	69000000.0	-1.0
chr 1	69000000.0	69100000.0	-1.0
chr 1	69100000.0	69200000.0	-1.0
chr 1	69200000.0	69300000.0	-1.0
chr 1	69300000.0	69400000.0	-1.0
chr 1	69400000.0	69500000.0	-1.0
chr 1	69500000.0	69600000.0	-1.0
chr 1	69600000.0	69700000.0	-1.0
chr 1	69700000.0	69800000.0	-1.0
chr 1	69800000.0	69900000.0	-1.0
chr 1	69900000.0	70000000.0	-1.0
chr 1	70000000.0	70100000.0	-1.0
chr 1	70100000.0	70200000.0	-1.0
chr 1	70200000.0	70300000.0	-1.0
chr 1	70300000.0	70400000.0	-1.0
chr 1	70400000.0	70500000.0	-1.0
chr 1	70500000.0	70600000.0	-1.0
chr 1	70600000.0	70700000.0	1.0
chr 1	70700000.0	70800000.0	1.0
chr 1	70800000.0	70900000.0	1.0
chr 1	70900000.0	71000000.0	-1.0
chr 1	71000000.0	71100000.0	-1.0
chr 1	71100000.0	71200000.0	-1.0
chr 1	71200000.0	71300000.0	-1.0
chr 1	71300000.0	71400000.0	-1.0
chr 1	71400000.0	71500000.0	-1.0
chr 1	71500000.0	71600000.0	-1.0
chr 1	71600000.0	71700000.0	-1.0
chr 1	71700000.0	71800000.0	-1.0
chr 1	71800000.0	71900000.0	-1.0
chr 1	71900000.0	72000000.0	-1.0
chr 1	72000000.0	72100000.0	-1.0
chr 1	72100000.0	72200000.0	-1.0
chr 1	72200000.0	72300000.0	-1.0
chr 1	72300000.0	72400000.0	-1.0
chr 1	72400000.0	72500000.0	-1.0
chr 1	72500000.0	72600000.0	1.0
chr 1	72600000.0	72700000.0	1.0
chr 1	72700000.0	72800000.0	1.0
chr 1	72800000.0	72900000.0	-1.0
chr 1	72900000.0	73000000.0	-1.0
chr 1	73000000.0	73100000.0	-1.0
chr 1	73100000.0	73200000.0	-1.0
chr 1	73200000.0	73300000.0	-1.0
chr 1	73300000.0	73400000.0	-1.0
chr 1	73400000.0	73500000.0	-1.0
chr 1	73500000.0	73600000.0	-1.0
chr 1	73600000.0	73700000.0	-1.0
chr 1	73700000.0	73800000.0	-1.0
chr 1	73800000.0	73900000.0	-1.0
chr 1	73900000.0	74000000.0	-1.0
chr 1	74000000.0	74100000.0	-1.0
chr 1	74100000.0	74200000.0	-1.0
chr 1	74200000.0	74300000.0	-1.0
chr 1	74300000.0	74400000.0	-1.0
chr 1	74400000.0	74500000.0	-1.0
chr 1	74500000.0	74600000.0	-1.0
chr 1	74600000.0	74700000.0	-1.0
chr 1	74700000.0	74800000.0	-1.0
chr 1	74800000.0	74900000.0	-1.0
chr 1	74900000.0	75000000.0	-1.0
chr 1	75000000.0	75100000.0	-1.0
chr 1	75100000.0	75200000.0	-1.0
chr 1	75200000.0	75300000.0	-1.0
chr 1	75300000.0	75400000.0	-1.0
chr 1	75400000.0	75500000.0	-1.0
chr 1	75500000.0	75600000.0	-1.0
chr 1	75600000.0	75700000.0	-1.0
chr 1	75700000.0	75800000.0	-1.0
chr 1	75800000.0	75900000.0	-1.0
chr 1	75900000.0	76000000.0	1.0
chr 1	76000000.0	76100000.0	1.0
chr 1	76100000.0	76200000.0	-1.0
chr 1	76200000.0	76300000.0	1.0
chr 1	76300000.0	76400000.0	-1.0
chr 1	76400000.0	76500000.0	-1.0
chr 1	76500000.0	76600000.0	1.0
chr 1	76600000.0	76700000.0	-1.0
chr 1	76700000.0	76800000.0	1.0
chr 1	76800000.0	76900000.0	-1.0
chr 1	76900000.0	77000000.0	-1.0
chr 1	77000000.0	77100000.0	-1.0
chr 1	77100000.0	77200000.0	-1.0
chr 1	77200000.0	77300000.0	-1.0
chr 1	77300000.0	77400000.0	-1.0
chr 1	77400000.0	77500000.0	-1.0
chr 1	77500000.0	77600000.0	-1.0
chr 1	77600000.0	77700000.0	1.0
chr 1	77700000.0	77800000.0	1.0
chr 1	77800000.0	77900000.0	1.0
chr 1	77900000.0	78000000.0	1.0
chr 1	78000000.0	78100000.0	1.0
chr 1	78100000.0	78200000.0	1.0
chr 1	78200000.0	78300000.0	1.0
chr 1	78300000.0	78400000.0	1.0
chr 1	78400000.0	78500000.0	1.0
chr 1	78500000.0	78600000.0	1.0
chr 1	78600000.0	78700000.0	-1.0
chr 1	78700000.0	78800000.0	-1.0
chr 1	78800000.0	78900000.0	-1.0
chr 1	78900000.0	79000000.0	-1.0
chr 1	79000000.0	79100000.0	-1.0
chr 1	79100000.0	79200000.0	-1.0
chr 1	79200000.0	79300000.0	-1.0
chr 1	79300000.0	79400000.0	1.0
chr 1	79400000.0	79500000.0	1.0
chr 1	79500000.0	79600000.0	1.0
chr 1	79600000.0	79700000.0	1.0
chr 1	79700000.0	79800000.0	1.0
chr 1	79800000.0	79900000.0	-1.0
chr 1	79900000.0	80000000.0	-1.0
chr 1	80000000.0	80100000.0	-1.0
chr 1	80100000.0	80200000.0	-1.0
chr 1	80200000.0	80300000.0	-1.0
chr 1	80300000.0	80400000.0	-1.0
chr 1	80400000.0	80500000.0	-1.0
chr 1	80500000.0	80600000.0	-1.0
chr 1	80600000.0	80700000.0	-1.0
chr 1	80700000.0	80800000.0	-1.0
chr 1	80800000.0	80900000.0	-1.0
chr 1	80900000.0	81000000.0	-1.0
chr 1	81000000.0	81100000.0	-1.0
chr 1	81100000.0	81200000.0	-1.0
chr 1	81200000.0	81300000.0	-1.0
chr 1	81300000.0	81400000.0	-1.0
chr 1	81400000.0	81500000.0	-1.0
chr 1	81500000.0	81600000.0	-1.0
chr 1	81600000.0	81700000.0	-1.0
chr 1	81700000.0	81800000.0	-1.0
chr 1	81800000.0	81900000.0	-1.0
chr 1	81900000.0	82000000.0	-1.0
chr 1	82000000.0	82100000.0	-1.0
chr 1	82100000.0	82200000.0	1.0
chr 1	82200000.0	82300000.0	1.0
chr 1	82300000.0	82400000.0	1.0
chr 1	82400000.0	82500000.0	-1.0
chr 1	82500000.0	82600000.0	-1.0
chr 1	82600000.0	82700000.0	-1.0
chr 1	82700000.0	82800000.0	-1.0
chr 1	82800000.0	82900000.0	-1.0
chr 1	82900000.0	83000000.0	-1.0
chr 1	83000000.0	83100000.0	-1.0
chr 1	83100000.0	83200000.0	-1.0
chr 1	83200000.0	83300000.0	-1.0
chr 1	83300000.0	83400000.0	-1.0
chr 1	83400000.0	83500000.0	-1.0
chr 1	83500000.0	83600000.0	-1.0
chr 1	83600000.0	83700000.0	-0.0
chr 1	83700000.0	83800000.0	-0.0
chr 1	83800000.0	83900000.0	-0.0
chr 1	83900000.0	84000000.0	-0.0
chr 1	84000000.0	84100000.0	-1.0
chr 1	84100000.0	84200000.0	-1.0
chr 1	84200000.0	84300000.0	-1.0
chr 1	84300000.0	84400000.0	-1.0
chr 1	84400000.0	84500000.0	1.0
chr 1	84500000.0	84600000.0	1.0
chr 1	84600000.0	84700000.0	1.0
chr 1	84700000.0	84800000.0	1.0
chr 1	84800000.0	84900000.0	1.0
chr 1	84900000.0	85000000.0	1.0
chr 1	85000000.0	85100000.0	1.0
chr 1	85100000.0	85200000.0	1.0
chr 1	85200000.0	85300000.0	1.0
chr 1	85300000.0	85400000.0	-1.0
chr 1	85400000.0	85500000.0	-1.0
chr 1	85500000.0	85600000.0	-1.0
chr 1	85600000.0	85700000.0	1.0
chr 1	85700000.0	85800000.0	1.0
chr 1	85800000.0	85900000.0	1.0
chr 1	85900000.0	86000000.0	1.0
chr 1	86000000.0	86100000.0	1.0
chr 1	86100000.0	86200000.0	1.0
chr 1	86200000.0	86300000.0	-1.0
chr 1	86300000.0	86400000.0	-1.0
chr 1	86400000.0	86500000.0	-1.0
chr 1	86500000.0	86600000.0	-1.0
chr 1	86600000.0	86700000.0	-1.0
chr 1	86700000.0	86800000.0	-1.0
chr 1	86800000.0	86900000.0	1.0
chr 1	86900000.0	87000000.0	1.0
chr 1	87000000.0	87100000.0	-1.0
chr 1	87100000.0	87200000.0	1.0
chr 1	87200000.0	87300000.0	1.0
chr 1	87300000.0	87400000.0	1.0
chr 1	87400000.0	87500000.0	1.0
chr 1	87500000.0	87600000.0	1.0
chr 1	87600000.0	87700000.0	-1.0
chr 1	87700000.0	87800000.0	-1.0
chr 1	87800000.0	87900000.0	-1.0
chr 1	87900000.0	88000000.0	-1.0
chr 1	88000000.0	88100000.0	-1.0
chr 1	88100000.0	88200000.0	-1.0
chr 1	88200000.0	88300000.0	-1.0
chr 1	88300000.0	88400000.0	-1.0
chr 1	88400000.0	88500000.0	-1.0
chr 1	88500000.0	88600000.0	-1.0
chr 1	88600000.0	88700000.0	-1.0
chr 1	88700000.0	88800000.0	-1.0
chr 1	88800000.0	88900000.0	-1.0
chr 1	88900000.0	89000000.0	-1.0
chr 1	89000000.0	89100000.0	-1.0
chr 1	89100000.0	89200000.0	1.0
chr 1	89200000.0	89300000.0	1.0
chr 1	89300000.0	89400000.0	1.0
chr 1	89400000.0	89500000.0	1.0
chr 1	89500000.0	89600000.0	-1.0
chr 1	89600000.0	89700000.0	-1.0
chr 1	89700000.0	89800000.0	-1.0
chr 1	89800000.0	89900000.0	-1.0
chr 1	89900000.0	90000000.0	-1.0
chr 1	90000000.0	90100000.0	1.0
chr 1	90100000.0	90200000.0	1.0
chr 1	90200000.0	90300000.0	1.0
chr 1	90300000.0	90400000.0	1.0
chr 1	90400000.0	90500000.0	1.0
chr 1	90500000.0	90600000.0	-1.0
chr 1	90600000.0	90700000.0	-1.0
chr 1	90700000.0	90800000.0	-1.0
chr 1	90800000.0	90900000.0	-1.0
chr 1	90900000.0	91000000.0	-1.0
chr 1	91000000.0	91100000.0	-1.0
chr 1	91100000.0	91200000.0	-1.0
chr 1	91200000.0	91300000.0	-1.0
chr 1	91300000.0	91400000.0	-1.0
chr 1	91400000.0	91500000.0	1.0
chr 1	91500000.0	91600000.0	-1.0
chr 1	91600000.0	91700000.0	-1.0
chr 1	91700000.0	91800000.0	-1.0
chr 1	91800000.0	91900000.0	-1.0
chr 1	91900000.0	92000000.0	1.0
chr 1	92000000.0	92100000.0	1.0
chr 1	92100000.0	92200000.0	1.0
chr 1	92200000.0	92300000.0	1.0
chr 1	92300000.0	92400000.0	1.0
chr 1	92400000.0	92500000.0	1.0
chr 1	92500000.0	92600000.0	1.0
chr 1	92600000.0	92700000.0	1.0
chr 1	92700000.0	92800000.0	1.0
chr 1	92800000.0	92900000.0	1.0
chr 1	92900000.0	93000000.0	1.0
chr 1	93000000.0	93100000.0	1.0
chr 1	93100000.0	93200000.0	1.0
chr 1	93200000.0	93300000.0	1.0
chr 1	93300000.0	93400000.0	1.0
chr 1	93400000.0	93500000.0	1.0
chr 1	93500000.0	93600000.0	1.0
chr 1	93600000.0	93700000.0	1.0
chr 1	93700000.0	93800000.0	1.0
chr 1	93800000.0	93900000.0	1.0
chr 1	93900000.0	94000000.0	1.0
chr 1	94000000.0	94100000.0	1.0
chr 1	94100000.0	94200000.0	1.0
chr 1	94200000.0	94300000.0	1.0
chr 1	94300000.0	94400000.0	1.0
chr 1	94400000.0	94500000.0	1.0
chr 1	94500000.0	94600000.0	-0.0
chr 1	94600000.0	94700000.0	1.0
chr 1	94700000.0	94800000.0	1.0
chr 1	94800000.0	94900000.0	1.0
chr 1	94900000.0	95000000.0	1.0
chr 1	95000000.0	95100000.0	1.0
chr 1	95100000.0	95200000.0	1.0
chr 1	95200000.0	95300000.0	1.0
chr 1	95300000.0	95400000.0	1.0
chr 1	95400000.0	95500000.0	1.0
chr 1	95500000.0	95600000.0	1.0
chr 1	95600000.0	95700000.0	-1.0
chr 1	95700000.0	95800000.0	-1.0
chr 1	95800000.0	95900000.0	-1.0
chr 1	95900000.0	96000000.0	-1.0
chr 1	96000000.0	96100000.0	-1.0
chr 1	96100000.0	96200000.0	-1.0
chr 1	96200000.0	96300000.0	-1.0
chr 1	96300000.0	96400000.0	-1.0
chr 1	96400000.0	96500000.0	-1.0
chr 1	96500000.0	96600000.0	-1.0
chr 1	96600000.0	96700000.0	-1.0
chr 1	96700000.0	96800000.0	-1.0
chr 1	96800000.0	96900000.0	1.0
chr 1	96900000.0	97000000.0	-1.0
chr 1	97000000.0	97100000.0	-1.0
chr 1	97100000.0	97200000.0	-1.0
chr 1	97200000.0	97300000.0	1.0
chr 1	97300000.0	97400000.0	1.0
chr 1	97400000.0	97500000.0	1.0
chr 1	97500000.0	97600000.0	1.0
chr 1	97600000.0	97700000.0	1.0
chr 1	97700000.0	97800000.0	1.0
chr 1	97800000.0	97900000.0	1.0
chr 1	97900000.0	98000000.0	1.0
chr 1	98000000.0	98100000.0	1.0
chr 1	98100000.0	98200000.0	1.0
chr 1	98200000.0	98300000.0	1.0
chr 1	98300000.0	98400000.0	1.0
chr 1	98400000.0	98500000.0	1.0
chr 1	98500000.0	98600000.0	1.0
chr 1	98600000.0	98700000.0	1.0
chr 1	98700000.0	98800000.0	1.0
chr 1	98800000.0	98900000.0	1.0
chr 1	98900000.0	99000000.0	1.0
chr 1	99000000.0	99100000.0	-1.0
chr 1	99100000.0	99200000.0	-1.0
chr 1	99200000.0	99300000.0	-1.0
chr 1	99300000.0	99400000.0	-1.0
chr 1	99400000.0	99500000.0	-1.0
chr 1	99500000.0	99600000.0	-1.0
chr 1	99600000.0	99700000.0	-1.0
chr 1	99700000.0	99800000.0	-1.0
chr 1	99800000.0	99900000.0	-1.0
chr 1	99900000.0	100000000.0	1.0
chr 1	100000000.0	100100000.0	1.0
chr 1	100100000.0	100200000.0	1.0
chr 1	100200000.0	100300000.0	1.0
chr 1	100300000.0	100400000.0	1.0
chr 1	100400000.0	100500000.0	1.0
chr 1	100500000.0	100600000.0	1.0
chr 1	100600000.0	100700000.0	1.0
chr 1	100700000.0	100800000.0	1.0
chr 1	100800000.0	100900000.0	1.0
chr 1	100900000.0	101000000.0	1.0
chr 1	101000000.0	101100000.0	1.0
chr 1	101100000.0	101200000.0	1.0
chr 1	101200000.0	101300000.0	1.0
chr 1	101300000.0	101400000.0	1.0
chr 1	101400000.0	101500000.0	1.0
chr 1	101500000.0	101600000.0	1.0
chr 1	101600000.0	101700000.0	1.0
chr 1	101700000.0	101800000.0	1.0
chr 1	101800000.0	101900000.0	1.0
chr 1	101900000.0	102000000.0	-1.0
chr 1	102000000.0	102100000.0	-1.0
chr 1	102100000.0	102200000.0	-1.0
chr 1	102200000.0	102300000.0	-1.0
chr 1	102300000.0	102400000.0	-1.0
chr 1	102400000.0	102500000.0	-1.0
chr 1	102500000.0	102600000.0	-1.0
chr 1	102600000.0	102700000.0	-1.0
chr 1	102700000.0	102800000.0	-1.0
chr 1	102800000.0	102900000.0	-1.0
chr 1	102900000.0	103000000.0	-0.0
chr 1	103000000.0	103100000.0	-1.0
chr 1	103100000.0	103200000.0	-1.0
chr 1	103200000.0	103300000.0	-1.0
chr 1	103300000.0	103400000.0	-1.0
chr 1	103400000.0	103500000.0	-1.0
chr 1	103500000.0	103600000.0	-1.0
chr 1	103600000.0	103700000.0	-1.0
chr 1	103700000.0	103800000.0	-1.0
chr 1	103800000.0	103900000.0	-0.0
chr 1	103900000.0	104000000.0	-0.0
chr 1	104000000.0	104100000.0	-1.0
chr 1	104100000.0	104200000.0	-0.0
chr 1	104200000.0	104300000.0	-0.0
chr 1	104300000.0	104400000.0	-0.0
chr 1	104400000.0	104500000.0	-0.0
chr 1	104500000.0	104600000.0	-1.0
chr 1	104600000.0	104700000.0	-1.0
chr 1	104700000.0	104800000.0	-1.0
chr 1	104800000.0	104900000.0	-1.0
chr 1	104900000.0	105000000.0	-1.0
chr 1	105000000.0	105100000.0	-1.0
chr 1	105100000.0	105200000.0	-1.0
chr 1	105200000.0	105300000.0	-1.0
chr 1	105300000.0	105400000.0	-0.0
chr 1	105400000.0	105500000.0	-0.0
chr 1	105500000.0	105600000.0	-0.0
chr 1	105600000.0	105700000.0	-0.0
chr 1	105700000.0	105800000.0	-0.0
chr 1	105800000.0	105900000.0	-1.0
chr 1	105900000.0	106000000.0	-1.0
chr 1	106000000.0	106100000.0	-1.0
chr 1	106100000.0	106200000.0	-0.0
chr 1	106200000.0	106300000.0	-0.0
chr 1	106300000.0	106400000.0	-1.0
chr 1	106400000.0	106500000.0	-1.0
chr 1	106500000.0	106600000.0	-1.0
chr 1	106600000.0	106700000.0	-1.0
chr 1	106700000.0	106800000.0	-1.0
chr 1	106800000.0	106900000.0	-1.0
chr 1	106900000.0	107000000.0	-1.0
chr 1	107000000.0	107100000.0	-1.0
chr 1	107100000.0	107200000.0	-1.0
chr 1	107200000.0	107300000.0	-1.0
chr 1	107300000.0	107400000.0	-1.0
chr 1	107400000.0	107500000.0	-1.0
chr 1	107500000.0	107600000.0	-1.0
chr 1	107600000.0	107700000.0	-1.0
chr 1	107700000.0	107800000.0	-1.0
chr 1	107800000.0	107900000.0	-1.0
chr 1	107900000.0	108000000.0	-1.0
chr 1	108000000.0	108100000.0	-1.0
chr 1	108100000.0	108200000.0	-1.0
chr 1	108200000.0	108300000.0	-1.0
chr 1	108300000.0	108400000.0	-1.0
chr 1	108400000.0	108500000.0	-1.0
chr 1	108500000.0	108600000.0	-1.0
chr 1	108600000.0	108700000.0	-1.0
chr 1	108700000.0	108800000.0	-0.0
chr 1	108800000.0	108900000.0	-0.0
chr 1	108900000.0	109000000.0	-0.0
chr 1	109000000.0	109100000.0	-0.0
chr 1	109100000.0	109200000.0	1.0
chr 1	109200000.0	109300000.0	1.0
chr 1	109300000.0	109400000.0	1.0
chr 1	109400000.0	109500000.0	1.0
chr 1	109500000.0	109600000.0	1.0
chr 1	109600000.0	109700000.0	1.0
chr 1	109700000.0	109800000.0	1.0
chr 1	109800000.0	109900000.0	1.0
chr 1	109900000.0	110000000.0	1.0
chr 1	110000000.0	110100000.0	1.0
chr 1	110100000.0	110200000.0	1.0
chr 1	110200000.0	110300000.0	1.0
chr 1	110300000.0	110400000.0	1.0
chr 1	110400000.0	110500000.0	1.0
chr 1	110500000.0	110600000.0	1.0
chr 1	110600000.0	110700000.0	1.0
chr 1	110700000.0	110800000.0	1.0
chr 1	110800000.0	110900000.0	1.0
chr 1	110900000.0	111000000.0	1.0
chr 1	111000000.0	111100000.0	1.0
chr 1	111100000.0	111200000.0	-1.0
chr 1	111200000.0	111300000.0	-1.0
chr 1	111300000.0	111400000.0	-1.0
chr 1	111400000.0	111500000.0	-1.0
chr 1	111500000.0	111600000.0	-1.0
chr 1	111600000.0	111700000.0	-1.0
chr 1	111700000.0	111800000.0	-1.0
chr 1	111800000.0	111900000.0	-1.0
chr 1	111900000.0	112000000.0	1.0
chr 1	112000000.0	112100000.0	1.0
chr 1	112100000.0	112200000.0	1.0
chr 1	112200000.0	112300000.0	1.0
chr 1	112300000.0	112400000.0	1.0
chr 1	112400000.0	112500000.0	-1.0
chr 1	112500000.0	112600000.0	-1.0
chr 1	112600000.0	112700000.0	-1.0
chr 1	112700000.0	112800000.0	-1.0
chr 1	112800000.0	112900000.0	1.0
chr 1	112900000.0	113000000.0	1.0
chr 1	113000000.0	113100000.0	1.0
chr 1	113100000.0	113200000.0	1.0
chr 1	113200000.0	113300000.0	1.0
chr 1	113300000.0	113400000.0	1.0
chr 1	113400000.0	113500000.0	1.0
chr 1	113500000.0	113600000.0	1.0
chr 1	113600000.0	113700000.0	1.0
chr 1	113700000.0	113800000.0	1.0
chr 1	113800000.0	113900000.0	1.0
chr 1	113900000.0	114000000.0	1.0
chr 1	114000000.0	114100000.0	1.0
chr 1	114100000.0	114200000.0	1.0
chr 1	114200000.0	114300000.0	1.0
chr 1	114300000.0	114400000.0	1.0
chr 1	114400000.0	114500000.0	1.0
chr 1	114500000.0	114600000.0	1.0
chr 1	114600000.0	114700000.0	-1.0
chr 1	114700000.0	114800000.0	-1.0
chr 1	114800000.0	114900000.0	-1.0
chr 1	114900000.0	115000000.0	1.0
chr 1	115000000.0	115100000.0	1.0
chr 1	115100000.0	115200000.0	1.0
chr 1	115200000.0	115300000.0	1.0
chr 1	115300000.0	115400000.0	-1.0
chr 1	115400000.0	115500000.0	-1.0
chr 1	115500000.0	115600000.0	-1.0
chr 1	115600000.0	115700000.0	-1.0
chr 1	115700000.0	115800000.0	-1.0
chr 1	115800000.0	115900000.0	-1.0
chr 1	115900000.0	116000000.0	-1.0
chr 1	116000000.0	116100000.0	-1.0
chr 1	116100000.0	116200000.0	-1.0
chr 1	116200000.0	116300000.0	-1.0
chr 1	116300000.0	116400000.0	-1.0
chr 1	116400000.0	116500000.0	-1.0
chr 1	116500000.0	116600000.0	-1.0
chr 1	116600000.0	116700000.0	-1.0
chr 1	116700000.0	116800000.0	-1.0
chr 1	116800000.0	116900000.0	-1.0
chr 1	116900000.0	117000000.0	1.0
chr 1	117000000.0	117100000.0	1.0
chr 1	117100000.0	117200000.0	1.0
chr 1	117200000.0	117300000.0	-1.0
chr 1	117300000.0	117400000.0	-1.0
chr 1	117400000.0	117500000.0	1.0
chr 1	117500000.0	117600000.0	-1.0
chr 1	117600000.0	117700000.0	1.0
chr 1	117700000.0	117800000.0	-1.0
chr 1	117800000.0	117900000.0	-1.0
chr 1	117900000.0	118000000.0	1.0
chr 1	118000000.0	118100000.0	1.0
chr 1	118100000.0	118200000.0	-1.0
chr 1	118200000.0	118300000.0	-1.0
chr 1	118300000.0	118400000.0	-1.0
chr 1	118400000.0	118500000.0	-1.0
chr 1	118500000.0	118600000.0	-1.0
chr 1	118600000.0	118700000.0	-1.0
chr 1	118700000.0	118800000.0	-1.0
chr 1	118800000.0	118900000.0	-1.0
chr 1	118900000.0	119000000.0	-1.0
chr 1	119000000.0	119100000.0	-1.0
chr 1	119100000.0	119200000.0	-1.0
chr 1	119200000.0	119300000.0	-1.0
chr 1	119300000.0	119400000.0	-1.0
chr 1	119400000.0	119500000.0	-1.0
chr 1	119500000.0	119600000.0	-1.0
chr 1	119600000.0	119700000.0	-1.0
chr 1	119700000.0	119800000.0	-1.0
chr 1	119800000.0	119900000.0	-1.0
chr 1	119900000.0	120000000.0	-1.0
chr 1	120000000.0	120100000.0	-1.0
chr 1	120100000.0	120200000.0	1.0
chr 1	120200000.0	120300000.0	1.0
chr 1	120300000.0	120400000.0	1.0
chr 1	120400000.0	120500000.0	1.0
chr 1	120500000.0	120600000.0	-0.0
chr 1	120600000.0	120700000.0	-0.0
chr 1	120700000.0	120800000.0	-0.0
chr 1	120800000.0	120900000.0	-0.0
chr 1	120900000.0	121000000.0	-0.0
chr 1	121000000.0	121100000.0	-0.0
chr 1	121100000.0	121200000.0	-0.0
chr 1	121200000.0	121300000.0	-0.0
chr 1	121300000.0	121400000.0	-0.0
chr 1	121400000.0	121500000.0	-0.0
chr 1	121500000.0	121600000.0	-0.0
chr 1	121600000.0	121700000.0	-0.0
chr 1	121700000.0	121800000.0	-0.0
chr 1	121800000.0	121900000.0	-0.0
chr 1	121900000.0	122000000.0	-0.0
chr 1	122000000.0	122100000.0	-0.0
chr 1	122100000.0	122200000.0	-0.0
chr 1	122200000.0	122300000.0	-0.0
chr 1	122300000.0	122400000.0	-0.0
chr 1	122400000.0	122500000.0	-0.0
chr 1	122500000.0	122600000.0	-0.0
chr 1	122600000.0	122700000.0	-0.0
chr 1	122700000.0	122800000.0	-0.0
chr 1	122800000.0	122900000.0	-0.0
chr 1	122900000.0	123000000.0	-0.0
chr 1	123000000.0	123100000.0	-0.0
chr 1	123100000.0	123200000.0	-0.0
chr 1	123200000.0	123300000.0	-0.0
chr 1	123300000.0	123400000.0	-0.0
chr 1	123400000.0	123500000.0	-0.0
chr 1	123500000.0	123600000.0	-0.0
chr 1	123600000.0	123700000.0	-0.0
chr 1	123700000.0	123800000.0	-0.0
chr 1	123800000.0	123900000.0	-0.0
chr 1	123900000.0	124000000.0	-0.0
chr 1	124000000.0	124100000.0	-0.0
chr 1	124100000.0	124200000.0	-0.0
chr 1	124200000.0	124300000.0	-0.0
chr 1	124300000.0	124400000.0	-0.0
chr 1	124400000.0	124500000.0	-0.0
chr 1	124500000.0	124600000.0	-0.0
chr 1	124600000.0	124700000.0	-0.0
chr 1	124700000.0	124800000.0	-0.0
chr 1	124800000.0	124900000.0	-0.0
chr 1	124900000.0	125000000.0	-0.0
chr 1	125000000.0	125100000.0	-0.0
chr 1	125100000.0	125200000.0	-0.0
chr 1	125200000.0	125300000.0	-0.0
chr 1	125300000.0	125400000.0	-0.0
chr 1	125400000.0	125500000.0	-0.0
chr 1	125500000.0	125600000.0	-0.0
chr 1	125600000.0	125700000.0	-0.0
chr 1	125700000.0	125800000.0	-0.0
chr 1	125800000.0	125900000.0	-0.0
chr 1	125900000.0	126000000.0	-0.0
chr 1	126000000.0	126100000.0	-0.0
chr 1	126100000.0	126200000.0	-0.0
chr 1	126200000.0	126300000.0	-0.0
chr 1	126300000.0	126400000.0	-0.0
chr 1	126400000.0	126500000.0	-0.0
chr 1	126500000.0	126600000.0	-0.0
chr 1	126600000.0	126700000.0	-0.0
chr 1	126700000.0	126800000.0	-0.0
chr 1	126800000.0	126900000.0	-0.0
chr 1	126900000.0	127000000.0	-0.0
chr 1	127000000.0	127100000.0	-0.0
chr 1	127100000.0	127200000.0	-0.0
chr 1	127200000.0	127300000.0	-0.0
chr 1	127300000.0	127400000.0	-0.0
chr 1	127400000.0	127500000.0	-0.0
chr 1	127500000.0	127600000.0	-0.0
chr 1	127600000.0	127700000.0	-0.0
chr 1	127700000.0	127800000.0	-0.0
chr 1	127800000.0	127900000.0	-0.0
chr 1	127900000.0	128000000.0	-0.0
chr 1	128000000.0	128100000.0	-0.0
chr 1	128100000.0	128200000.0	-0.0
chr 1	128200000.0	128300000.0	-0.0
chr 1	128300000.0	128400000.0	-0.0
chr 1	128400000.0	128500000.0	-0.0
chr 1	128500000.0	128600000.0	-0.0
chr 1	128600000.0	128700000.0	-0.0
chr 1	128700000.0	128800000.0	-0.0
chr 1	128800000.0	128900000.0	-0.0
chr 1	128900000.0	129000000.0	-0.0
chr 1	129000000.0	129100000.0	-0.0
chr 1	129100000.0	129200000.0	-0.0
chr 1	129200000.0	129300000.0	-0.0
chr 1	129300000.0	129400000.0	-0.0
chr 1	129400000.0	129500000.0	-0.0
chr 1	129500000.0	129600000.0	-0.0
chr 1	129600000.0	129700000.0	-0.0
chr 1	129700000.0	129800000.0	-0.0
chr 1	129800000.0	129900000.0	-0.0
chr 1	129900000.0	130000000.0	-0.0
chr 1	130000000.0	130100000.0	-0.0
chr 1	130100000.0	130200000.0	-0.0
chr 1	130200000.0	130300000.0	-0.0
chr 1	130300000.0	130400000.0	-0.0
chr 1	130400000.0	130500000.0	-0.0
chr 1	130500000.0	130600000.0	-0.0
chr 1	130600000.0	130700000.0	-0.0
chr 1	130700000.0	130800000.0	-0.0
chr 1	130800000.0	130900000.0	-0.0
chr 1	130900000.0	131000000.0	-0.0
chr 1	131000000.0	131100000.0	-0.0
chr 1	131100000.0	131200000.0	-0.0
chr 1	131200000.0	131300000.0	-0.0
chr 1	131300000.0	131400000.0	-0.0
chr 1	131400000.0	131500000.0	-0.0
chr 1	131500000.0	131600000.0	-0.0
chr 1	131600000.0	131700000.0	-0.0
chr 1	131700000.0	131800000.0	-0.0
chr 1	131800000.0	131900000.0	-0.0
chr 1	131900000.0	132000000.0	-0.0
chr 1	132000000.0	132100000.0	-0.0
chr 1	132100000.0	132200000.0	-0.0
chr 1	132200000.0	132300000.0	-0.0
chr 1	132300000.0	132400000.0	-0.0
chr 1	132400000.0	132500000.0	-0.0
chr 1	132500000.0	132600000.0	-0.0
chr 1	132600000.0	132700000.0	-0.0
chr 1	132700000.0	132800000.0	-0.0
chr 1	132800000.0	132900000.0	-0.0
chr 1	132900000.0	133000000.0	-0.0
chr 1	133000000.0	133100000.0	-0.0
chr 1	133100000.0	133200000.0	-0.0
chr 1	133200000.0	133300000.0	-0.0
chr 1	133300000.0	133400000.0	-0.0
chr 1	133400000.0	133500000.0	-0.0
chr 1	133500000.0	133600000.0	-0.0
chr 1	133600000.0	133700000.0	-0.0
chr 1	133700000.0	133800000.0	-0.0
chr 1	133800000.0	133900000.0	-0.0
chr 1	133900000.0	134000000.0	-0.0
chr 1	134000000.0	134100000.0	-0.0
chr 1	134100000.0	134200000.0	-0.0
chr 1	134200000.0	134300000.0	-0.0
chr 1	134300000.0	134400000.0	-0.0
chr 1	134400000.0	134500000.0	-0.0
chr 1	134500000.0	134600000.0	-0.0
chr 1	134600000.0	134700000.0	-0.0
chr 1	134700000.0	134800000.0	-0.0
chr 1	134800000.0	134900000.0	-0.0
chr 1	134900000.0	135000000.0	-0.0
chr 1	135000000.0	135100000.0	-0.0
chr 1	135100000.0	135200000.0	-0.0
chr 1	135200000.0	135300000.0	-0.0
chr 1	135300000.0	135400000.0	-0.0
chr 1	135400000.0	135500000.0	-0.0
chr 1	135500000.0	135600000.0	-0.0
chr 1	135600000.0	135700000.0	-0.0
chr 1	135700000.0	135800000.0	-0.0
chr 1	135800000.0	135900000.0	-0.0
chr 1	135900000.0	136000000.0	-0.0
chr 1	136000000.0	136100000.0	-0.0
chr 1	136100000.0	136200000.0	-0.0
chr 1	136200000.0	136300000.0	-0.0
chr 1	136300000.0	136400000.0	-0.0
chr 1	136400000.0	136500000.0	-0.0
chr 1	136500000.0	136600000.0	-0.0
chr 1	136600000.0	136700000.0	-0.0
chr 1	136700000.0	136800000.0	-0.0
chr 1	136800000.0	136900000.0	-0.0
chr 1	136900000.0	137000000.0	-0.0
chr 1	137000000.0	137100000.0	-0.0
chr 1	137100000.0	137200000.0	-0.0
chr 1	137200000.0	137300000.0	-0.0
chr 1	137300000.0	137400000.0	-0.0
chr 1	137400000.0	137500000.0	-0.0
chr 1	137500000.0	137600000.0	-0.0
chr 1	137600000.0	137700000.0	-0.0
chr 1	137700000.0	137800000.0	-0.0
chr 1	137800000.0	137900000.0	-0.0
chr 1	137900000.0	138000000.0	-0.0
chr 1	138000000.0	138100000.0	-0.0
chr 1	138100000.0	138200000.0	-0.0
chr 1	138200000.0	138300000.0	-0.0
chr 1	138300000.0	138400000.0	-0.0
chr 1	138400000.0	138500000.0	-0.0
chr 1	138500000.0	138600000.0	-0.0
chr 1	138600000.0	138700000.0	-0.0
chr 1	138700000.0	138800000.0	-0.0
chr 1	138800000.0	138900000.0	-0.0
chr 1	138900000.0	139000000.0	-0.0
chr 1	139000000.0	139100000.0	-0.0
chr 1	139100000.0	139200000.0	-0.0
chr 1	139200000.0	139300000.0	-0.0
chr 1	139300000.0	139400000.0	-0.0
chr 1	139400000.0	139500000.0	-0.0
chr 1	139500000.0	139600000.0	-0.0
chr 1	139600000.0	139700000.0	-0.0
chr 1	139700000.0	139800000.0	-0.0
chr 1	139800000.0	139900000.0	-0.0
chr 1	139900000.0	140000000.0	-0.0
chr 1	140000000.0	140100000.0	-0.0
chr 1	140100000.0	140200000.0	-0.0
chr 1	140200000.0	140300000.0	-0.0
chr 1	140300000.0	140400000.0	-0.0
chr 1	140400000.0	140500000.0	-0.0
chr 1	140500000.0	140600000.0	-0.0
chr 1	140600000.0	140700000.0	-0.0
chr 1	140700000.0	140800000.0	-0.0
chr 1	140800000.0	140900000.0	-0.0
chr 1	140900000.0	141000000.0	-0.0
chr 1	141000000.0	141100000.0	-0.0
chr 1	141100000.0	141200000.0	-0.0
chr 1	141200000.0	141300000.0	-0.0
chr 1	141300000.0	141400000.0	-0.0
chr 1	141400000.0	141500000.0	-0.0
chr 1	141500000.0	141600000.0	-0.0
chr 1	141600000.0	141700000.0	-0.0
chr 1	141700000.0	141800000.0	-0.0
chr 1	141800000.0	141900000.0	-0.0
chr 1	141900000.0	142000000.0	-0.0
chr 1	142000000.0	142100000.0	-0.0
chr 1	142100000.0	142200000.0	-0.0
chr 1	142200000.0	142300000.0	-0.0
chr 1	142300000.0	142400000.0	-0.0
chr 1	142400000.0	142500000.0	-0.0
chr 1	142500000.0	142600000.0	-0.0
chr 1	142600000.0	142700000.0	-0.0
chr 1	142700000.0	142800000.0	-0.0
chr 1	142800000.0	142900000.0	-0.0
chr 1	142900000.0	143000000.0	-0.0
chr 1	143000000.0	143100000.0	-0.0
chr 1	143100000.0	143200000.0	-0.0
chr 1	143200000.0	143300000.0	-0.0
chr 1	143300000.0	143400000.0	-0.0
chr 1	143400000.0	143500000.0	-0.0
chr 1	143500000.0	143600000.0	-0.0
chr 1	143600000.0	143700000.0	-0.0
chr 1	143700000.0	143800000.0	-0.0
chr 1	143800000.0	143900000.0	-0.0
chr 1	143900000.0	144000000.0	-0.0
chr 1	144000000.0	144100000.0	-0.0
chr 1	144100000.0	144200000.0	-0.0
chr 1	144200000.0	144300000.0	-0.0
chr 1	144300000.0	144400000.0	-0.0
chr 1	144400000.0	144500000.0	-0.0
chr 1	144500000.0	144600000.0	-0.0
chr 1	144600000.0	144700000.0	-0.0
chr 1	144700000.0	144800000.0	-0.0
chr 1	144800000.0	144900000.0	1.0
chr 1	144900000.0	145000000.0	1.0
chr 1	145000000.0	145100000.0	-0.0
chr 1	145100000.0	145200000.0	-0.0
chr 1	145200000.0	145300000.0	-0.0
chr 1	145300000.0	145400000.0	-0.0
chr 1	145400000.0	145500000.0	1.0
chr 1	145500000.0	145600000.0	1.0
chr 1	145600000.0	145700000.0	1.0
chr 1	145700000.0	145800000.0	-0.0
chr 1	145800000.0	145900000.0	-0.0
chr 1	145900000.0	146000000.0	-0.0
chr 1	146000000.0	146100000.0	-0.0
chr 1	146100000.0	146200000.0	-0.0
chr 1	146200000.0	146300000.0	-0.0
chr 1	146300000.0	146400000.0	-0.0
chr 1	146400000.0	146500000.0	-0.0
chr 1	146500000.0	146600000.0	1.0
chr 1	146600000.0	146700000.0	1.0
chr 1	146700000.0	146800000.0	1.0
chr 1	146800000.0	146900000.0	-1.0
chr 1	146900000.0	147000000.0	1.0
chr 1	147000000.0	147100000.0	1.0
chr 1	147100000.0	147200000.0	1.0
chr 1	147200000.0	147300000.0	1.0
chr 1	147300000.0	147400000.0	1.0
chr 1	147400000.0	147500000.0	-0.0
chr 1	147500000.0	147600000.0	-0.0
chr 1	147600000.0	147700000.0	-0.0
chr 1	147700000.0	147800000.0	-0.0
chr 1	147800000.0	147900000.0	-0.0
chr 1	147900000.0	148000000.0	-0.0
chr 1	148000000.0	148100000.0	-0.0
chr 1	148100000.0	148200000.0	-0.0
chr 1	148200000.0	148300000.0	-0.0
chr 1	148300000.0	148400000.0	-0.0
chr 1	148400000.0	148500000.0	-0.0
chr 1	148500000.0	148600000.0	-0.0
chr 1	148600000.0	148700000.0	-0.0
chr 1	148700000.0	148800000.0	-0.0
chr 1	148800000.0	148900000.0	-0.0
chr 1	148900000.0	149000000.0	-0.0
chr 1	149000000.0	149100000.0	-0.0
chr 1	149100000.0	149200000.0	-0.0
chr 1	149200000.0	149300000.0	-0.0
chr 1	149300000.0	149400000.0	-0.0
chr 1	149400000.0	149500000.0	-0.0
chr 1	149500000.0	149600000.0	-0.0
chr 1	149600000.0	149700000.0	-0.0
chr 1	149700000.0	149800000.0	-0.0
chr 1	149800000.0	149900000.0	1.0
chr 1	149900000.0	150000000.0	1.0
chr 1	150000000.0	150100000.0	1.0
chr 1	150100000.0	150200000.0	1.0
chr 1	150200000.0	150300000.0	1.0
chr 1	150300000.0	150400000.0	1.0
chr 1	150400000.0	150500000.0	1.0
chr 1	150500000.0	150600000.0	1.0
chr 1	150600000.0	150700000.0	1.0
chr 1	150700000.0	150800000.0	1.0
chr 1	150800000.0	150900000.0	1.0
chr 1	150900000.0	151000000.0	1.0
chr 1	151000000.0	151100000.0	1.0
chr 1	151100000.0	151200000.0	1.0
chr 1	151200000.0	151300000.0	1.0
chr 1	151300000.0	151400000.0	1.0
chr 1	151400000.0	151500000.0	1.0
chr 1	151500000.0	151600000.0	1.0
chr 1	151600000.0	151700000.0	1.0
chr 1	151700000.0	151800000.0	1.0
chr 1	151800000.0	151900000.0	1.0
chr 1	151900000.0	152000000.0	1.0
chr 1	152000000.0	152100000.0	1.0
chr 1	152100000.0	152200000.0	-1.0
chr 1	152200000.0	152300000.0	-1.0
chr 1	152300000.0	152400000.0	-1.0
chr 1	152400000.0	152500000.0	-1.0
chr 1	152500000.0	152600000.0	-1.0
chr 1	152600000.0	152700000.0	-1.0
chr 1	152700000.0	152800000.0	-1.0
chr 1	152800000.0	152900000.0	-1.0
chr 1	152900000.0	153000000.0	-1.0
chr 1	153000000.0	153100000.0	-1.0
chr 1	153100000.0	153200000.0	-1.0
chr 1	153200000.0	153300000.0	-1.0
chr 1	153300000.0	153400000.0	1.0
chr 1	153400000.0	153500000.0	1.0
chr 1	153500000.0	153600000.0	1.0
chr 1	153600000.0	153700000.0	1.0
chr 1	153700000.0	153800000.0	1.0
chr 1	153800000.0	153900000.0	1.0
chr 1	153900000.0	154000000.0	1.0
chr 1	154000000.0	154100000.0	1.0
chr 1	154100000.0	154200000.0	1.0
chr 1	154200000.0	154300000.0	1.0
chr 1	154300000.0	154400000.0	1.0
chr 1	154400000.0	154500000.0	1.0
chr 1	154500000.0	154600000.0	1.0
chr 1	154600000.0	154700000.0	1.0
chr 1	154700000.0	154800000.0	1.0
chr 1	154800000.0	154900000.0	1.0
chr 1	154900000.0	155000000.0	1.0
chr 1	155000000.0	155100000.0	1.0
chr 1	155100000.0	155200000.0	1.0
chr 1	155200000.0	155300000.0	1.0
chr 1	155300000.0	155400000.0	1.0
chr 1	155400000.0	155500000.0	1.0
chr 1	155500000.0	155600000.0	1.0
chr 1	155600000.0	155700000.0	1.0
chr 1	155700000.0	155800000.0	1.0
chr 1	155800000.0	155900000.0	1.0
chr 1	155900000.0	156000000.0	1.0
chr 1	156000000.0	156100000.0	1.0
chr 1	156100000.0	156200000.0	1.0
chr 1	156200000.0	156300000.0	1.0
chr 1	156300000.0	156400000.0	1.0
chr 1	156400000.0	156500000.0	1.0
chr 1	156500000.0	156600000.0	1.0
chr 1	156600000.0	156700000.0	-0.0
chr 1	156700000.0	156800000.0	1.0
chr 1	156800000.0	156900000.0	-0.0
chr 1	156900000.0	157000000.0	1.0
chr 1	157000000.0	157100000.0	1.0
chr 1	157100000.0	157200000.0	1.0
chr 1	157200000.0	157300000.0	-1.0
chr 1	157300000.0	157400000.0	1.0
chr 1	157400000.0	157500000.0	-1.0
chr 1	157500000.0	157600000.0	-1.0
chr 1	157600000.0	157700000.0	-1.0
chr 1	157700000.0	157800000.0	-1.0
chr 1	157800000.0	157900000.0	-1.0
chr 1	157900000.0	158000000.0	1.0
chr 1	158000000.0	158100000.0	1.0
chr 1	158100000.0	158200000.0	-1.0
chr 1	158200000.0	158300000.0	-1.0
chr 1	158300000.0	158400000.0	-1.0
chr 1	158400000.0	158500000.0	-1.0
chr 1	158500000.0	158600000.0	-1.0
chr 1	158600000.0	158700000.0	-1.0
chr 1	158700000.0	158800000.0	-1.0
chr 1	158800000.0	158900000.0	-1.0
chr 1	158900000.0	159000000.0	-1.0
chr 1	159000000.0	159100000.0	1.0
chr 1	159100000.0	159200000.0	1.0
chr 1	159200000.0	159300000.0	1.0
chr 1	159300000.0	159400000.0	1.0
chr 1	159400000.0	159500000.0	1.0
chr 1	159500000.0	159600000.0	1.0
chr 1	159600000.0	159700000.0	1.0
chr 1	159700000.0	159800000.0	1.0
chr 1	159800000.0	159900000.0	1.0
chr 1	159900000.0	160000000.0	1.0
chr 1	160000000.0	160100000.0	1.0
chr 1	160100000.0	160200000.0	-0.0
chr 1	160200000.0	160300000.0	1.0
chr 1	160300000.0	160400000.0	1.0
chr 1	160400000.0	160500000.0	-1.0
chr 1	160500000.0	160600000.0	-1.0
chr 1	160600000.0	160700000.0	1.0
chr 1	160700000.0	160800000.0	1.0
chr 1	160800000.0	160900000.0	1.0
chr 1	160900000.0	161000000.0	1.0
chr 1	161000000.0	161100000.0	1.0
chr 1	161100000.0	161200000.0	1.0
chr 1	161200000.0	161300000.0	1.0
chr 1	161300000.0	161400000.0	1.0
chr 1	161400000.0	161500000.0	-0.0
chr 1	161500000.0	161600000.0	-0.0
chr 1	161600000.0	161700000.0	-0.0
chr 1	161700000.0	161800000.0	1.0
chr 1	161800000.0	161900000.0	1.0
chr 1	161900000.0	162000000.0	1.0
chr 1	162000000.0	162100000.0	1.0
chr 1	162100000.0	162200000.0	1.0
chr 1	162200000.0	162300000.0	1.0
chr 1	162300000.0	162400000.0	1.0
chr 1	162400000.0	162500000.0	1.0
chr 1	162500000.0	162600000.0	1.0
chr 1	162600000.0	162700000.0	1.0
chr 1	162700000.0	162800000.0	1.0
chr 1	162800000.0	162900000.0	1.0
chr 1	162900000.0	163000000.0	1.0
chr 1	163000000.0	163100000.0	1.0
chr 1	163100000.0	163200000.0	1.0
chr 1	163200000.0	163300000.0	1.0
chr 1	163300000.0	163400000.0	-1.0
chr 1	163400000.0	163500000.0	-1.0
chr 1	163500000.0	163600000.0	-1.0
chr 1	163600000.0	163700000.0	-1.0
chr 1	163700000.0	163800000.0	-1.0
chr 1	163800000.0	163900000.0	-1.0
chr 1	163900000.0	164000000.0	-1.0
chr 1	164000000.0	164100000.0	-1.0
chr 1	164100000.0	164200000.0	-1.0
chr 1	164200000.0	164300000.0	-1.0
chr 1	164300000.0	164400000.0	-1.0
chr 1	164400000.0	164500000.0	-1.0
chr 1	164500000.0	164600000.0	-1.0
chr 1	164600000.0	164700000.0	-1.0
chr 1	164700000.0	164800000.0	-1.0
chr 1	164800000.0	164900000.0	-1.0
chr 1	164900000.0	165000000.0	-1.0
chr 1	165000000.0	165100000.0	-1.0
chr 1	165100000.0	165200000.0	-1.0
chr 1	165200000.0	165300000.0	-1.0
chr 1	165300000.0	165400000.0	-1.0
chr 1	165400000.0	165500000.0	-1.0
chr 1	165500000.0	165600000.0	-1.0
chr 1	165600000.0	165700000.0	1.0
chr 1	165700000.0	165800000.0	1.0
chr 1	165800000.0	165900000.0	1.0
chr 1	165900000.0	166000000.0	-1.0
chr 1	166000000.0	166100000.0	-1.0
chr 1	166100000.0	166200000.0	-1.0
chr 1	166200000.0	166300000.0	-1.0
chr 1	166300000.0	166400000.0	-1.0
chr 1	166400000.0	166500000.0	-1.0
chr 1	166500000.0	166600000.0	-1.0
chr 1	166600000.0	166700000.0	-1.0
chr 1	166700000.0	166800000.0	-1.0
chr 1	166800000.0	166900000.0	-1.0
chr 1	166900000.0	167000000.0	-1.0
chr 1	167000000.0	167100000.0	-1.0
chr 1	167100000.0	167200000.0	-1.0
chr 1	167200000.0	167300000.0	1.0
chr 1	167300000.0	167400000.0	1.0
chr 1	167400000.0	167500000.0	-1.0
chr 1	167500000.0	167600000.0	-1.0
chr 1	167600000.0	167700000.0	1.0
chr 1	167700000.0	167800000.0	1.0
chr 1	167800000.0	167900000.0	1.0
chr 1	167900000.0	168000000.0	1.0
chr 1	168000000.0	168100000.0	1.0
chr 1	168100000.0	168200000.0	1.0
chr 1	168200000.0	168300000.0	1.0
chr 1	168300000.0	168400000.0	-1.0
chr 1	168400000.0	168500000.0	-1.0
chr 1	168500000.0	168600000.0	-1.0
chr 1	168600000.0	168700000.0	-1.0
chr 1	168700000.0	168800000.0	-1.0
chr 1	168800000.0	168900000.0	-1.0
chr 1	168900000.0	169000000.0	-1.0
chr 1	169000000.0	169100000.0	1.0
chr 1	169100000.0	169200000.0	1.0
chr 1	169200000.0	169300000.0	1.0
chr 1	169300000.0	169400000.0	1.0
chr 1	169400000.0	169500000.0	1.0
chr 1	169500000.0	169600000.0	1.0
chr 1	169600000.0	169700000.0	1.0
chr 1	169700000.0	169800000.0	1.0
chr 1	169800000.0	169900000.0	1.0
chr 1	169900000.0	170000000.0	-1.0
chr 1	170000000.0	170100000.0	-1.0
chr 1	170100000.0	170200000.0	-1.0
chr 1	170200000.0	170300000.0	-1.0
chr 1	170300000.0	170400000.0	-1.0
chr 1	170400000.0	170500000.0	-1.0
chr 1	170500000.0	170600000.0	-1.0
chr 1	170600000.0	170700000.0	-1.0
chr 1	170700000.0	170800000.0	-1.0
chr 1	170800000.0	170900000.0	-1.0
chr 1	170900000.0	171000000.0	-1.0
chr 1	171000000.0	171100000.0	-1.0
chr 1	171100000.0	171200000.0	-1.0
chr 1	171200000.0	171300000.0	-1.0
chr 1	171300000.0	171400000.0	-1.0
chr 1	171400000.0	171500000.0	1.0
chr 1	171500000.0	171600000.0	1.0
chr 1	171600000.0	171700000.0	1.0
chr 1	171700000.0	171800000.0	1.0
chr 1	171800000.0	171900000.0	1.0
chr 1	171900000.0	172000000.0	1.0
chr 1	172000000.0	172100000.0	1.0
chr 1	172100000.0	172200000.0	1.0
chr 1	172200000.0	172300000.0	1.0
chr 1	172300000.0	172400000.0	1.0
chr 1	172400000.0	172500000.0	1.0
chr 1	172500000.0	172600000.0	1.0
chr 1	172600000.0	172700000.0	1.0
chr 1	172700000.0	172800000.0	1.0
chr 1	172800000.0	172900000.0	1.0
chr 1	172900000.0	173000000.0	1.0
chr 1	173000000.0	173100000.0	1.0
chr 1	173100000.0	173200000.0	1.0
chr 1	173200000.0	173300000.0	1.0
chr 1	173300000.0	173400000.0	1.0
chr 1	173400000.0	173500000.0	1.0
chr 1	173500000.0	173600000.0	1.0
chr 1	173600000.0	173700000.0	1.0
chr 1	173700000.0	173800000.0	1.0
chr 1	173800000.0	173900000.0	1.0
chr 1	173900000.0	174000000.0	1.0
chr 1	174000000.0	174100000.0	1.0
chr 1	174100000.0	174200000.0	1.0
chr 1	174200000.0	174300000.0	1.0
chr 1	174300000.0	174400000.0	-1.0
chr 1	174400000.0	174500000.0	-1.0
chr 1	174500000.0	174600000.0	-1.0
chr 1	174600000.0	174700000.0	-1.0
chr 1	174700000.0	174800000.0	1.0
chr 1	174800000.0	174900000.0	-1.0
chr 1	174900000.0	175000000.0	1.0
chr 1	175000000.0	175100000.0	-1.0
chr 1	175100000.0	175200000.0	1.0
chr 1	175200000.0	175300000.0	-1.0
chr 1	175300000.0	175400000.0	-1.0
chr 1	175400000.0	175500000.0	1.0
chr 1	175500000.0	175600000.0	-0.0
chr 1	175600000.0	175700000.0	-1.0
chr 1	175700000.0	175800000.0	-1.0
chr 1	175800000.0	175900000.0	-1.0
chr 1	175900000.0	176000000.0	1.0
chr 1	176000000.0	176100000.0	1.0
chr 1	176100000.0	176200000.0	-1.0
chr 1	176200000.0	176300000.0	-1.0
chr 1	176300000.0	176400000.0	-1.0
chr 1	176400000.0	176500000.0	-1.0
chr 1	176500000.0	176600000.0	-1.0
chr 1	176600000.0	176700000.0	-1.0
chr 1	176700000.0	176800000.0	-1.0
chr 1	176800000.0	176900000.0	-1.0
chr 1	176900000.0	177000000.0	-1.0
chr 1	177000000.0	177100000.0	-1.0
chr 1	177100000.0	177200000.0	-1.0
chr 1	177200000.0	177300000.0	-1.0
chr 1	177300000.0	177400000.0	-1.0
chr 1	177400000.0	177500000.0	-1.0
chr 1	177500000.0	177600000.0	-1.0
chr 1	177600000.0	177700000.0	-1.0
chr 1	177700000.0	177800000.0	-1.0
chr 1	177800000.0	177900000.0	-1.0
chr 1	177900000.0	178000000.0	1.0
chr 1	178000000.0	178100000.0	1.0
chr 1	178100000.0	178200000.0	1.0
chr 1	178200000.0	178300000.0	1.0
chr 1	178300000.0	178400000.0	1.0
chr 1	178400000.0	178500000.0	1.0
chr 1	178500000.0	178600000.0	1.0
chr 1	178600000.0	178700000.0	1.0
chr 1	178700000.0	178800000.0	1.0
chr 1	178800000.0	178900000.0	1.0
chr 1	178900000.0	179000000.0	1.0
chr 1	179000000.0	179100000.0	1.0
chr 1	179100000.0	179200000.0	1.0
chr 1	179200000.0	179300000.0	1.0
chr 1	179300000.0	179400000.0	1.0
chr 1	179400000.0	179500000.0	-1.0
chr 1	179500000.0	179600000.0	-1.0
chr 1	179600000.0	179700000.0	1.0
chr 1	179700000.0	179800000.0	1.0
chr 1	179800000.0	179900000.0	1.0
chr 1	179900000.0	180000000.0	1.0
chr 1	180000000.0	180100000.0	1.0
chr 1	180100000.0	180200000.0	1.0
chr 1	180200000.0	180300000.0	1.0
chr 1	180300000.0	180400000.0	1.0
chr 1	180400000.0	180500000.0	1.0
chr 1	180500000.0	180600000.0	1.0
chr 1	180600000.0	180700000.0	1.0
chr 1	180700000.0	180800000.0	1.0
chr 1	180800000.0	180900000.0	1.0
chr 1	180900000.0	181000000.0	1.0
chr 1	181000000.0	181100000.0	1.0
chr 1	181100000.0	181200000.0	-1.0
chr 1	181200000.0	181300000.0	-1.0
chr 1	181300000.0	181400000.0	-1.0
chr 1	181400000.0	181500000.0	-1.0
chr 1	181500000.0	181600000.0	-1.0
chr 1	181600000.0	181700000.0	-1.0
chr 1	181700000.0	181800000.0	-1.0
chr 1	181800000.0	181900000.0	-1.0
chr 1	181900000.0	182000000.0	-1.0
chr 1	182000000.0	182100000.0	-1.0
chr 1	182100000.0	182200000.0	-1.0
chr 1	182200000.0	182300000.0	-1.0
chr 1	182300000.0	182400000.0	-1.0
chr 1	182400000.0	182500000.0	-1.0
chr 1	182500000.0	182600000.0	-1.0
chr 1	182600000.0	182700000.0	-1.0
chr 1	182700000.0	182800000.0	-1.0
chr 1	182800000.0	182900000.0	1.0
chr 1	182900000.0	183000000.0	1.0
chr 1	183000000.0	183100000.0	1.0
chr 1	183100000.0	183200000.0	1.0
chr 1	183200000.0	183300000.0	-0.0
chr 1	183300000.0	183400000.0	1.0
chr 1	183400000.0	183500000.0	1.0
chr 1	183500000.0	183600000.0	1.0
chr 1	183600000.0	183700000.0	1.0
chr 1	183700000.0	183800000.0	1.0
chr 1	183800000.0	183900000.0	1.0
chr 1	183900000.0	184000000.0	1.0
chr 1	184000000.0	184100000.0	1.0
chr 1	184100000.0	184200000.0	1.0
chr 1	184200000.0	184300000.0	1.0
chr 1	184300000.0	184400000.0	1.0
chr 1	184400000.0	184500000.0	1.0
chr 1	184500000.0	184600000.0	1.0
chr 1	184600000.0	184700000.0	1.0
chr 1	184700000.0	184800000.0	1.0
chr 1	184800000.0	184900000.0	1.0
chr 1	184900000.0	185000000.0	1.0
chr 1	185000000.0	185100000.0	1.0
chr 1	185100000.0	185200000.0	1.0
chr 1	185200000.0	185300000.0	1.0
chr 1	185300000.0	185400000.0	1.0
chr 1	185400000.0	185500000.0	1.0
chr 1	185500000.0	185600000.0	1.0
chr 1	185600000.0	185700000.0	1.0
chr 1	185700000.0	185800000.0	1.0
chr 1	185800000.0	185900000.0	1.0
chr 1	185900000.0	186000000.0	1.0
chr 1	186000000.0	186100000.0	1.0
chr 1	186100000.0	186200000.0	1.0
chr 1	186200000.0	186300000.0	1.0
chr 1	186300000.0	186400000.0	1.0
chr 1	186400000.0	186500000.0	1.0
chr 1	186500000.0	186600000.0	1.0
chr 1	186600000.0	186700000.0	1.0
chr 1	186700000.0	186800000.0	1.0
chr 1	186800000.0	186900000.0	1.0
chr 1	186900000.0	187000000.0	1.0
chr 1	187000000.0	187100000.0	-1.0
chr 1	187100000.0	187200000.0	-1.0
chr 1	187200000.0	187300000.0	-1.0
chr 1	187300000.0	187400000.0	-1.0
chr 1	187400000.0	187500000.0	-1.0
chr 1	187500000.0	187600000.0	-1.0
chr 1	187600000.0	187700000.0	-1.0
chr 1	187700000.0	187800000.0	-1.0
chr 1	187800000.0	187900000.0	-1.0
chr 1	187900000.0	188000000.0	1.0
chr 1	188000000.0	188100000.0	1.0
chr 1	188100000.0	188200000.0	1.0
chr 1	188200000.0	188300000.0	1.0
chr 1	188300000.0	188400000.0	1.0
chr 1	188400000.0	188500000.0	1.0
chr 1	188500000.0	188600000.0	-1.0
chr 1	188600000.0	188700000.0	1.0
chr 1	188700000.0	188800000.0	1.0
chr 1	188800000.0	188900000.0	-1.0
chr 1	188900000.0	189000000.0	-1.0
chr 1	189000000.0	189100000.0	-1.0
chr 1	189100000.0	189200000.0	-1.0
chr 1	189200000.0	189300000.0	-1.0
chr 1	189300000.0	189400000.0	-1.0
chr 1	189400000.0	189500000.0	-1.0
chr 1	189500000.0	189600000.0	-1.0
chr 1	189600000.0	189700000.0	-1.0
chr 1	189700000.0	189800000.0	-1.0
chr 1	189800000.0	189900000.0	-1.0
chr 1	189900000.0	190000000.0	-1.0
chr 1	190000000.0	190100000.0	-1.0
chr 1	190100000.0	190200000.0	-1.0
chr 1	190200000.0	190300000.0	-1.0
chr 1	190300000.0	190400000.0	-1.0
chr 1	190400000.0	190500000.0	-1.0
chr 1	190500000.0	190600000.0	-1.0
chr 1	190600000.0	190700000.0	-1.0
chr 1	190700000.0	190800000.0	-1.0
chr 1	190800000.0	190900000.0	-1.0
chr 1	190900000.0	191000000.0	-1.0
chr 1	191000000.0	191100000.0	-1.0
chr 1	191100000.0	191200000.0	-1.0
chr 1	191200000.0	191300000.0	-1.0
chr 1	191300000.0	191400000.0	-1.0
chr 1	191400000.0	191500000.0	-1.0
chr 1	191500000.0	191600000.0	-1.0
chr 1	191600000.0	191700000.0	-1.0
chr 1	191700000.0	191800000.0	-1.0
chr 1	191800000.0	191900000.0	-1.0
chr 1	191900000.0	192000000.0	-1.0
chr 1	192000000.0	192100000.0	1.0
chr 1	192100000.0	192200000.0	1.0
chr 1	192200000.0	192300000.0	1.0
chr 1	192300000.0	192400000.0	-1.0
chr 1	192400000.0	192500000.0	1.0
chr 1	192500000.0	192600000.0	1.0
chr 1	192600000.0	192700000.0	1.0
chr 1	192700000.0	192800000.0	1.0
chr 1	192800000.0	192900000.0	1.0
chr 1	192900000.0	193000000.0	1.0
chr 1	193000000.0	193100000.0	1.0
chr 1	193100000.0	193200000.0	1.0
chr 1	193200000.0	193300000.0	1.0
chr 1	193300000.0	193400000.0	1.0
chr 1	193400000.0	193500000.0	-1.0
chr 1	193500000.0	193600000.0	-1.0
chr 1	193600000.0	193700000.0	-1.0
chr 1	193700000.0	193800000.0	-1.0
chr 1	193800000.0	193900000.0	-1.0
chr 1	193900000.0	194000000.0	-1.0
chr 1	194000000.0	194100000.0	-1.0
chr 1	194100000.0	194200000.0	-1.0
chr 1	194200000.0	194300000.0	-1.0
chr 1	194300000.0	194400000.0	-1.0
chr 1	194400000.0	194500000.0	-1.0
chr 1	194500000.0	194600000.0	-1.0
chr 1	194600000.0	194700000.0	-1.0
chr 1	194700000.0	194800000.0	-1.0
chr 1	194800000.0	194900000.0	-1.0
chr 1	194900000.0	195000000.0	-1.0
chr 1	195000000.0	195100000.0	-1.0
chr 1	195100000.0	195200000.0	-1.0
chr 1	195200000.0	195300000.0	-1.0
chr 1	195300000.0	195400000.0	-1.0
chr 1	195400000.0	195500000.0	-1.0
chr 1	195500000.0	195600000.0	-1.0
chr 1	195600000.0	195700000.0	-1.0
chr 1	195700000.0	195800000.0	-1.0
chr 1	195800000.0	195900000.0	-1.0
chr 1	195900000.0	196000000.0	-1.0
chr 1	196000000.0	196100000.0	-1.0
chr 1	196100000.0	196200000.0	-1.0
chr 1	196200000.0	196300000.0	-1.0
chr 1	196300000.0	196400000.0	-1.0
chr 1	196400000.0	196500000.0	-1.0
chr 1	196500000.0	196600000.0	-1.0
chr 1	196600000.0	196700000.0	-1.0
chr 1	196700000.0	196800000.0	-0.0
chr 1	196800000.0	196900000.0	-1.0
chr 1	196900000.0	197000000.0	-1.0
chr 1	197000000.0	197100000.0	-1.0
chr 1	197100000.0	197200000.0	1.0
chr 1	197200000.0	197300000.0	-1.0
chr 1	197300000.0	197400000.0	-1.0
chr 1	197400000.0	197500000.0	-1.0
chr 1	197500000.0	197600000.0	1.0
chr 1	197600000.0	197700000.0	1.0
chr 1	197700000.0	197800000.0	1.0
chr 1	197800000.0	197900000.0	1.0
chr 1	197900000.0	198000000.0	-1.0
chr 1	198000000.0	198100000.0	1.0
chr 1	198100000.0	198200000.0	1.0
chr 1	198200000.0	198300000.0	1.0
chr 1	198300000.0	198400000.0	1.0
chr 1	198400000.0	198500000.0	1.0
chr 1	198500000.0	198600000.0	1.0
chr 1	198600000.0	198700000.0	1.0
chr 1	198700000.0	198800000.0	1.0
chr 1	198800000.0	198900000.0	1.0
chr 1	198900000.0	199000000.0	1.0
chr 1	199000000.0	199100000.0	-1.0
chr 1	199100000.0	199200000.0	-1.0
chr 1	199200000.0	199300000.0	1.0
chr 1	199300000.0	199400000.0	-1.0
chr 1	199400000.0	199500000.0	-1.0
chr 1	199500000.0	199600000.0	-1.0
chr 1	199600000.0	199700000.0	1.0
chr 1	199700000.0	199800000.0	1.0
chr 1	199800000.0	199900000.0	1.0
chr 1	199900000.0	200000000.0	1.0
chr 1	200000000.0	200100000.0	1.0
chr 1	200100000.0	200200000.0	1.0
chr 1	200200000.0	200300000.0	1.0
chr 1	200300000.0	200400000.0	1.0
chr 1	200400000.0	200500000.0	1.0
chr 1	200500000.0	200600000.0	1.0
chr 1	200600000.0	200700000.0	1.0
chr 1	200700000.0	200800000.0	1.0
chr 1	200800000.0	200900000.0	1.0
chr 1	200900000.0	201000000.0	1.0
chr 1	201000000.0	201100000.0	-0.0
chr 1	201100000.0	201200000.0	1.0
chr 1	201200000.0	201300000.0	1.0
chr 1	201300000.0	201400000.0	-0.0
chr 1	201400000.0	201500000.0	-0.0
chr 1	201500000.0	201600000.0	-0.0
chr 1	201600000.0	201700000.0	-0.0
chr 1	201700000.0	201800000.0	1.0
chr 1	201800000.0	201900000.0	-0.0
chr 1	201900000.0	202000000.0	1.0
chr 1	202000000.0	202100000.0	1.0
chr 1	202100000.0	202200000.0	1.0
chr 1	202200000.0	202300000.0	1.0
chr 1	202300000.0	202400000.0	1.0
chr 1	202400000.0	202500000.0	-0.0
chr 1	202500000.0	202600000.0	1.0
chr 1	202600000.0	202700000.0	1.0
chr 1	202700000.0	202800000.0	1.0
chr 1	202800000.0	202900000.0	1.0
chr 1	202900000.0	203000000.0	1.0
chr 1	203000000.0	203100000.0	1.0
chr 1	203100000.0	203200000.0	-0.0
chr 1	203200000.0	203300000.0	1.0
chr 1	203300000.0	203400000.0	1.0
chr 1	203400000.0	203500000.0	1.0
chr 1	203500000.0	203600000.0	1.0
chr 1	203600000.0	203700000.0	1.0
chr 1	203700000.0	203800000.0	1.0
chr 1	203800000.0	203900000.0	1.0
chr 1	203900000.0	204000000.0	1.0
chr 1	204000000.0	204100000.0	1.0
chr 1	204100000.0	204200000.0	-0.0
chr 1	204200000.0	204300000.0	-0.0
chr 1	204300000.0	204400000.0	1.0
chr 1	204400000.0	204500000.0	-0.0
chr 1	204500000.0	204600000.0	1.0
chr 1	204600000.0	204700000.0	1.0
chr 1	204700000.0	204800000.0	1.0
chr 1	204800000.0	204900000.0	1.0
chr 1	204900000.0	205000000.0	-0.0
chr 1	205000000.0	205100000.0	1.0
chr 1	205100000.0	205200000.0	1.0
chr 1	205200000.0	205300000.0	-0.0
chr 1	205300000.0	205400000.0	1.0
chr 1	205400000.0	205500000.0	-0.0
chr 1	205500000.0	205600000.0	1.0
chr 1	205600000.0	205700000.0	1.0
chr 1	205700000.0	205800000.0	1.0
chr 1	205800000.0	205900000.0	1.0
chr 1	205900000.0	206000000.0	-0.0
chr 1	206000000.0	206100000.0	-0.0
chr 1	206100000.0	206200000.0	-0.0
chr 1	206200000.0	206300000.0	1.0
chr 1	206300000.0	206400000.0	-0.0
chr 1	206400000.0	206500000.0	-0.0
chr 1	206500000.0	206600000.0	-0.0
chr 1	206600000.0	206700000.0	1.0
chr 1	206700000.0	206800000.0	1.0
chr 1	206800000.0	206900000.0	-0.0
chr 1	206900000.0	207000000.0	1.0
chr 1	207000000.0	207100000.0	1.0
chr 1	207100000.0	207200000.0	1.0
chr 1	207200000.0	207300000.0	1.0
chr 1	207300000.0	207400000.0	1.0
chr 1	207400000.0	207500000.0	1.0
chr 1	207500000.0	207600000.0	1.0
chr 1	207600000.0	207700000.0	1.0
chr 1	207700000.0	207800000.0	-0.0
chr 1	207800000.0	207900000.0	1.0
chr 1	207900000.0	208000000.0	1.0
chr 1	208000000.0	208100000.0	-0.0
chr 1	208100000.0	208200000.0	-0.0
chr 1	208200000.0	208300000.0	-0.0
chr 1	208300000.0	208400000.0	-0.0
chr 1	208400000.0	208500000.0	-0.0
chr 1	208500000.0	208600000.0	-1.0
chr 1	208600000.0	208700000.0	-1.0
chr 1	208700000.0	208800000.0	-1.0
chr 1	208800000.0	208900000.0	-1.0
chr 1	208900000.0	209000000.0	-1.0
chr 1	209000000.0	209100000.0	-1.0
chr 1	209100000.0	209200000.0	-1.0
chr 1	209200000.0	209300000.0	-1.0
chr 1	209300000.0	209400000.0	-1.0
chr 1	209400000.0	209500000.0	-1.0
chr 1	209500000.0	209600000.0	-1.0
chr 1	209600000.0	209700000.0	-1.0
chr 1	209700000.0	209800000.0	-0.0
chr 1	209800000.0	209900000.0	1.0
chr 1	209900000.0	210000000.0	1.0
chr 1	210000000.0	210100000.0	1.0
chr 1	210100000.0	210200000.0	-1.0
chr 1	210200000.0	210300000.0	-1.0
chr 1	210300000.0	210400000.0	-1.0
chr 1	210400000.0	210500000.0	-1.0
chr 1	210500000.0	210600000.0	-1.0
chr 1	210600000.0	210700000.0	-1.0
chr 1	210700000.0	210800000.0	-1.0
chr 1	210800000.0	210900000.0	-1.0
chr 1	210900000.0	211000000.0	-1.0
chr 1	211000000.0	211100000.0	-1.0
chr 1	211100000.0	211200000.0	-1.0
chr 1	211200000.0	211300000.0	-1.0
chr 1	211300000.0	211400000.0	-1.0
chr 1	211400000.0	211500000.0	1.0
chr 1	211500000.0	211600000.0	1.0
chr 1	211600000.0	211700000.0	1.0
chr 1	211700000.0	211800000.0	1.0
chr 1	211800000.0	211900000.0	1.0
chr 1	211900000.0	212000000.0	1.0
chr 1	212000000.0	212100000.0	1.0
chr 1	212100000.0	212200000.0	1.0
chr 1	212200000.0	212300000.0	1.0
chr 1	212300000.0	212400000.0	1.0
chr 1	212400000.0	212500000.0	1.0
chr 1	212500000.0	212600000.0	1.0
chr 1	212600000.0	212700000.0	1.0
chr 1	212700000.0	212800000.0	1.0
chr 1	212800000.0	212900000.0	1.0
chr 1	212900000.0	213000000.0	1.0
chr 1	213000000.0	213100000.0	1.0
chr 1	213100000.0	213200000.0	1.0
chr 1	213200000.0	213300000.0	1.0
chr 1	213300000.0	213400000.0	1.0
chr 1	213400000.0	213500000.0	-1.0
chr 1	213500000.0	213600000.0	-1.0
chr 1	213600000.0	213700000.0	-1.0
chr 1	213700000.0	213800000.0	-1.0
chr 1	213800000.0	213900000.0	-1.0
chr 1	213900000.0	214000000.0	-1.0
chr 1	214000000.0	214100000.0	-1.0
chr 1	214100000.0	214200000.0	-1.0
chr 1	214200000.0	214300000.0	-1.0
chr 1	214300000.0	214400000.0	-1.0
chr 1	214400000.0	214500000.0	1.0
chr 1	214500000.0	214600000.0	1.0
chr 1	214600000.0	214700000.0	1.0
chr 1	214700000.0	214800000.0	1.0
chr 1	214800000.0	214900000.0	-1.0
chr 1	214900000.0	215000000.0	-1.0
chr 1	215000000.0	215100000.0	-1.0
chr 1	215100000.0	215200000.0	-1.0
chr 1	215200000.0	215300000.0	-1.0
chr 1	215300000.0	215400000.0	-1.0
chr 1	215400000.0	215500000.0	-1.0
chr 1	215500000.0	215600000.0	-1.0
chr 1	215600000.0	215700000.0	-1.0
chr 1	215700000.0	215800000.0	-1.0
chr 1	215800000.0	215900000.0	-1.0
chr 1	215900000.0	216000000.0	-1.0
chr 1	216000000.0	216100000.0	-1.0
chr 1	216100000.0	216200000.0	-1.0
chr 1	216200000.0	216300000.0	-1.0
chr 1	216300000.0	216400000.0	-1.0
chr 1	216400000.0	216500000.0	-1.0
chr 1	216500000.0	216600000.0	-1.0
chr 1	216600000.0	216700000.0	-1.0
chr 1	216700000.0	216800000.0	-1.0
chr 1	216800000.0	216900000.0	-1.0
chr 1	216900000.0	217000000.0	-1.0
chr 1	217000000.0	217100000.0	-1.0
chr 1	217100000.0	217200000.0	-1.0
chr 1	217200000.0	217300000.0	-1.0
chr 1	217300000.0	217400000.0	-1.0
chr 1	217400000.0	217500000.0	-1.0
chr 1	217500000.0	217600000.0	-1.0
chr 1	217600000.0	217700000.0	-1.0
chr 1	217700000.0	217800000.0	-1.0
chr 1	217800000.0	217900000.0	-1.0
chr 1	217900000.0	218000000.0	-1.0
chr 1	218000000.0	218100000.0	-1.0
chr 1	218100000.0	218200000.0	-1.0
chr 1	218200000.0	218300000.0	-1.0
chr 1	218300000.0	218400000.0	-1.0
chr 1	218400000.0	218500000.0	-1.0
chr 1	218500000.0	218600000.0	1.0
chr 1	218600000.0	218700000.0	1.0
chr 1	218700000.0	218800000.0	1.0
chr 1	218800000.0	218900000.0	1.0
chr 1	218900000.0	219000000.0	-1.0
chr 1	219000000.0	219100000.0	-1.0
chr 1	219100000.0	219200000.0	-1.0
chr 1	219200000.0	219300000.0	-1.0
chr 1	219300000.0	219400000.0	-1.0
chr 1	219400000.0	219500000.0	1.0
chr 1	219500000.0	219600000.0	-1.0
chr 1	219600000.0	219700000.0	-1.0
chr 1	219700000.0	219800000.0	-1.0
chr 1	219800000.0	219900000.0	-1.0
chr 1	219900000.0	220000000.0	-1.0
chr 1	220000000.0	220100000.0	-1.0
chr 1	220100000.0	220200000.0	-1.0
chr 1	220200000.0	220300000.0	1.0
chr 1	220300000.0	220400000.0	1.0
chr 1	220400000.0	220500000.0	-1.0
chr 1	220500000.0	220600000.0	-1.0
chr 1	220600000.0	220700000.0	-1.0
chr 1	220700000.0	220800000.0	-1.0
chr 1	220800000.0	220900000.0	-1.0
chr 1	220900000.0	221000000.0	1.0
chr 1	221000000.0	221100000.0	-1.0
chr 1	221100000.0	221200000.0	-1.0
chr 1	221200000.0	221300000.0	-1.0
chr 1	221300000.0	221400000.0	-1.0
chr 1	221400000.0	221500000.0	-1.0
chr 1	221500000.0	221600000.0	1.0
chr 1	221600000.0	221700000.0	-1.0
chr 1	221700000.0	221800000.0	-1.0
chr 1	221800000.0	221900000.0	-1.0
chr 1	221900000.0	222000000.0	1.0
chr 1	222000000.0	222100000.0	-1.0
chr 1	222100000.0	222200000.0	-1.0
chr 1	222200000.0	222300000.0	-1.0
chr 1	222300000.0	222400000.0	-1.0
chr 1	222400000.0	222500000.0	-1.0
chr 1	222500000.0	222600000.0	-1.0
chr 1	222600000.0	222700000.0	-1.0
chr 1	222700000.0	222800000.0	-1.0
chr 1	222800000.0	222900000.0	1.0
chr 1	222900000.0	223000000.0	1.0
chr 1	223000000.0	223100000.0	1.0
chr 1	223100000.0	223200000.0	-1.0
chr 1	223200000.0	223300000.0	-1.0
chr 1	223300000.0	223400000.0	-1.0
chr 1	223400000.0	223500000.0	-1.0
chr 1	223500000.0	223600000.0	-1.0
chr 1	223600000.0	223700000.0	-1.0
chr 1	223700000.0	223800000.0	-0.0
chr 1	223800000.0	223900000.0	1.0
chr 1	223900000.0	224000000.0	1.0
chr 1	224000000.0	224100000.0	1.0
chr 1	224100000.0	224200000.0	-0.0
chr 1	224200000.0	224300000.0	1.0
chr 1	224300000.0	224400000.0	1.0
chr 1	224400000.0	224500000.0	1.0
chr 1	224500000.0	224600000.0	1.0
chr 1	224600000.0	224700000.0	1.0
chr 1	224700000.0	224800000.0	1.0
chr 1	224800000.0	224900000.0	-1.0
chr 1	224900000.0	225000000.0	-1.0
chr 1	225000000.0	225100000.0	-1.0
chr 1	225100000.0	225200000.0	-1.0
chr 1	225200000.0	225300000.0	-1.0
chr 1	225300000.0	225400000.0	-1.0
chr 1	225400000.0	225500000.0	-1.0
chr 1	225500000.0	225600000.0	-1.0
chr 1	225600000.0	225700000.0	1.0
chr 1	225700000.0	225800000.0	1.0
chr 1	225800000.0	225900000.0	1.0
chr 1	225900000.0	226000000.0	1.0
chr 1	226000000.0	226100000.0	1.0
chr 1	226100000.0	226200000.0	1.0
chr 1	226200000.0	226300000.0	1.0
chr 1	226300000.0	226400000.0	1.0
chr 1	226400000.0	226500000.0	1.0
chr 1	226500000.0	226600000.0	1.0
chr 1	226600000.0	226700000.0	1.0
chr 1	226700000.0	226800000.0	1.0
chr 1	226800000.0	226900000.0	1.0
chr 1	226900000.0	227000000.0	1.0
chr 1	227000000.0	227100000.0	1.0
chr 1	227100000.0	227200000.0	1.0
chr 1	227200000.0	227300000.0	1.0
chr 1	227300000.0	227400000.0	1.0
chr 1	227400000.0	227500000.0	1.0
chr 1	227500000.0	227600000.0	1.0
chr 1	227600000.0	227700000.0	1.0
chr 1	227700000.0	227800000.0	1.0
chr 1	227800000.0	227900000.0	1.0
chr 1	227900000.0	228000000.0	1.0
chr 1	228000000.0	228100000.0	1.0
chr 1	228100000.0	228200000.0	1.0
chr 1	228200000.0	228300000.0	1.0
chr 1	228300000.0	228400000.0	1.0
chr 1	228400000.0	228500000.0	1.0
chr 1	228500000.0	228600000.0	1.0
chr 1	228600000.0	228700000.0	1.0
chr 1	228700000.0	228800000.0	-0.0
chr 1	228800000.0	228900000.0	-1.0
chr 1	228900000.0	229000000.0	1.0
chr 1	229000000.0	229100000.0	-1.0
chr 1	229100000.0	229200000.0	-1.0
chr 1	229200000.0	229300000.0	-1.0
chr 1	229300000.0	229400000.0	-1.0
chr 1	229400000.0	229500000.0	1.0
chr 1	229500000.0	229600000.0	1.0
chr 1	229600000.0	229700000.0	1.0
chr 1	229700000.0	229800000.0	1.0
chr 1	229800000.0	229900000.0	-1.0
chr 1	229900000.0	230000000.0	-1.0
chr 1	230000000.0	230100000.0	-1.0
chr 1	230100000.0	230200000.0	-1.0
chr 1	230200000.0	230300000.0	-0.0
chr 1	230300000.0	230400000.0	1.0
chr 1	230400000.0	230500000.0	-1.0
chr 1	230500000.0	230600000.0	-1.0
chr 1	230600000.0	230700000.0	-1.0
chr 1	230700000.0	230800000.0	-1.0
chr 1	230800000.0	230900000.0	-1.0
chr 1	230900000.0	231000000.0	1.0
chr 1	231000000.0	231100000.0	1.0
chr 1	231100000.0	231200000.0	1.0
chr 1	231200000.0	231300000.0	-1.0
chr 1	231300000.0	231400000.0	1.0
chr 1	231400000.0	231500000.0	1.0
chr 1	231500000.0	231600000.0	1.0
chr 1	231600000.0	231700000.0	1.0
chr 1	231700000.0	231800000.0	1.0
chr 1	231800000.0	231900000.0	-0.0
chr 1	231900000.0	232000000.0	1.0
chr 1	232000000.0	232100000.0	1.0
chr 1	232100000.0	232200000.0	1.0
chr 1	232200000.0	232300000.0	1.0
chr 1	232300000.0	232400000.0	-1.0
chr 1	232400000.0	232500000.0	-1.0
chr 1	232500000.0	232600000.0	1.0
chr 1	232600000.0	232700000.0	1.0
chr 1	232700000.0	232800000.0	1.0
chr 1	232800000.0	232900000.0	1.0
chr 1	232900000.0	233000000.0	-1.0
chr 1	233000000.0	233100000.0	-1.0
chr 1	233100000.0	233200000.0	1.0
chr 1	233200000.0	233300000.0	1.0
chr 1	233300000.0	233400000.0	1.0
chr 1	233400000.0	233500000.0	-1.0
chr 1	233500000.0	233600000.0	-1.0
chr 1	233600000.0	233700000.0	-1.0
chr 1	233700000.0	233800000.0	-1.0
chr 1	233800000.0	233900000.0	-1.0
chr 1	233900000.0	234000000.0	-1.0
chr 1	234000000.0	234100000.0	-1.0
chr 1	234100000.0	234200000.0	-1.0
chr 1	234200000.0	234300000.0	-1.0
chr 1	234300000.0	234400000.0	-1.0
chr 1	234400000.0	234500000.0	-1.0
chr 1	234500000.0	234600000.0	1.0
chr 1	234600000.0	234700000.0	1.0
chr 1	234700000.0	234800000.0	1.0
chr 1	234800000.0	234900000.0	-0.0
chr 1	234900000.0	235000000.0	1.0
chr 1	235000000.0	235100000.0	-0.0
chr 1	235100000.0	235200000.0	1.0
chr 1	235200000.0	235300000.0	1.0
chr 1	235300000.0	235400000.0	1.0
chr 1	235400000.0	235500000.0	1.0
chr 1	235500000.0	235600000.0	1.0
chr 1	235600000.0	235700000.0	1.0
chr 1	235700000.0	235800000.0	1.0
chr 1	235800000.0	235900000.0	1.0
chr 1	235900000.0	236000000.0	1.0
chr 1	236000000.0	236100000.0	1.0
chr 1	236100000.0	236200000.0	1.0
chr 1	236200000.0	236300000.0	1.0
chr 1	236300000.0	236400000.0	-1.0
chr 1	236400000.0	236500000.0	-1.0
chr 1	236500000.0	236600000.0	-1.0
chr 1	236600000.0	236700000.0	1.0
chr 1	236700000.0	236800000.0	1.0
chr 1	236800000.0	236900000.0	-1.0
chr 1	236900000.0	237000000.0	-1.0
chr 1	237000000.0	237100000.0	-1.0
chr 1	237100000.0	237200000.0	-1.0
chr 1	237200000.0	237300000.0	-1.0
chr 1	237300000.0	237400000.0	-1.0
chr 1	237400000.0	237500000.0	-1.0
chr 1	237500000.0	237600000.0	-1.0
chr 1	237600000.0	237700000.0	-1.0
chr 1	237700000.0	237800000.0	-1.0
chr 1	237800000.0	237900000.0	-1.0
chr 1	237900000.0	238000000.0	-1.0
chr 1	238000000.0	238100000.0	-1.0
chr 1	238100000.0	238200000.0	-1.0
chr 1	238200000.0	238300000.0	-1.0
chr 1	238300000.0	238400000.0	-1.0
chr 1	238400000.0	238500000.0	-1.0
chr 1	238500000.0	238600000.0	-1.0
chr 1	238600000.0	238700000.0	-1.0
chr 1	238700000.0	238800000.0	-1.0
chr 1	238800000.0	238900000.0	-1.0
chr 1	238900000.0	239000000.0	-1.0
chr 1	239000000.0	239100000.0	-1.0
chr 1	239100000.0	239200000.0	-1.0
chr 1	239200000.0	239300000.0	-1.0
chr 1	239300000.0	239400000.0	-1.0
chr 1	239400000.0	239500000.0	-1.0
chr 1	239500000.0	239600000.0	-1.0
chr 1	239600000.0	239700000.0	-1.0
chr 1	239700000.0	239800000.0	-1.0
chr 1	239800000.0	239900000.0	-1.0
chr 1	239900000.0	240000000.0	-1.0
chr 1	240000000.0	240100000.0	-1.0
chr 1	240100000.0	240200000.0	-1.0
chr 1	240200000.0	240300000.0	-1.0
chr 1	240300000.0	240400000.0	-1.0
chr 1	240400000.0	240500000.0	-1.0
chr 1	240500000.0	240600000.0	-1.0
chr 1	240600000.0	240700000.0	-1.0
chr 1	240700000.0	240800000.0	-1.0
chr 1	240800000.0	240900000.0	-1.0
chr 1	240900000.0	241000000.0	-1.0
chr 1	241000000.0	241100000.0	-1.0
chr 1	241100000.0	241200000.0	-1.0
chr 1	241200000.0	241300000.0	-1.0
chr 1	241300000.0	241400000.0	-1.0
chr 1	241400000.0	241500000.0	-1.0
chr 1	241500000.0	241600000.0	-1.0
chr 1	241600000.0	241700000.0	-1.0
chr 1	241700000.0	241800000.0	-1.0
chr 1	241800000.0	241900000.0	-1.0
chr 1	241900000.0	242000000.0	-1.0
chr 1	242000000.0	242100000.0	-1.0
chr 1	242100000.0	242200000.0	-1.0
chr 1	242200000.0	242300000.0	-1.0
chr 1	242300000.0	242400000.0	-1.0
chr 1	242400000.0	242500000.0	-0.0
chr 1	242500000.0	242600000.0	-1.0
chr 1	242600000.0	242700000.0	-1.0
chr 1	242700000.0	242800000.0	-1.0
chr 1	242800000.0	242900000.0	-1.0
chr 1	242900000.0	243000000.0	-1.0
chr 1	243000000.0	243100000.0	-1.0
chr 1	243100000.0	243200000.0	-0.0
chr 1	243200000.0	243300000.0	-0.0
chr 1	243300000.0	243400000.0	-0.0
chr 1	243400000.0	243500000.0	1.0
chr 1	243500000.0	243600000.0	1.0
chr 1	243600000.0	243700000.0	1.0
chr 1	243700000.0	243800000.0	1.0
chr 1	243800000.0	243900000.0	1.0
chr 1	243900000.0	244000000.0	1.0
chr 1	244000000.0	244100000.0	1.0
chr 1	244100000.0	244200000.0	1.0
chr 1	244200000.0	244300000.0	1.0
chr 1	244300000.0	244400000.0	1.0
chr 1	244400000.0	244500000.0	1.0
chr 1	244500000.0	244600000.0	1.0
chr 1	244600000.0	244700000.0	1.0
chr 1	244700000.0	244800000.0	1.0
chr 1	244800000.0	244900000.0	1.0
chr 1	244900000.0	245000000.0	1.0
chr 1	245000000.0	245100000.0	1.0
chr 1	245100000.0	245200000.0	1.0
chr 1	245200000.0	245300000.0	1.0
chr 1	245300000.0	245400000.0	1.0
chr 1	245400000.0	245500000.0	-1.0
chr 1	245500000.0	245600000.0	-1.0
chr 1	245600000.0	245700000.0	-1.0
chr 1	245700000.0	245800000.0	-1.0
chr 1	245800000.0	245900000.0	-1.0
chr 1	245900000.0	246000000.0	-1.0
chr 1	246000000.0	246100000.0	1.0
chr 1	246100000.0	246200000.0	1.0
chr 1	246200000.0	246300000.0	1.0
chr 1	246300000.0	246400000.0	1.0
chr 1	246400000.0	246500000.0	1.0
chr 1	246500000.0	246600000.0	1.0
chr 1	246600000.0	246700000.0	1.0
chr 1	246700000.0	246800000.0	1.0
chr 1	246800000.0	246900000.0	1.0
chr 1	246900000.0	247000000.0	1.0
chr 1	247000000.0	247100000.0	1.0
chr 1	247100000.0	247200000.0	1.0
chr 1	247200000.0	247300000.0	1.0
chr 1	247300000.0	247400000.0	1.0
chr 1	247400000.0	247500000.0	-1.0
chr 1	247500000.0	247600000.0	-1.0
chr 1	247600000.0	247700000.0	-1.0
chr 1	247700000.0	247800000.0	-1.0
chr 1	247800000.0	247900000.0	-1.0
chr 1	247900000.0	248000000.0	-1.0
chr 1	248000000.0	248100000.0	-1.0
chr 1	248100000.0	248200000.0	-1.0
chr 1	248200000.0	248300000.0	-1.0
chr 1	248300000.0	248400000.0	-1.0
chr 1	248400000.0	248500000.0	-1.0
chr 1	248500000.0	248600000.0	-1.0
chr 1	248600000.0	248700000.0	-0.0
chr 1	248700000.0	248800000.0	-0.0
chr 1	248800000.0	248900000.0	-0.0
chr 1	248900000.0	249000000.0	-0.0
chr 1	249000000.0	249100000.0	-0.0
chr 1	249100000.0	249200000.0	1.0
chr 1	249200000.0	249300000.0	-0.0
